# t client_1 client_2 node_7_network node_5_network node_2_network node_0_cpu node_1_cpu node_4_cpu node_6_network node_3_io node_6_io node_2_io node_4_io node_5_cpu node_5_io node_6_cpu node_7_cpu node_4_network node_7_io node_3_network node_0_io node_2_cpu node_3_cpu node_1_io node_0_network node_1_network  cpu_max cpu_min cpu_avg io_max io_min io_avg net_max net_min net_avg
0.1 47020.0 45560.0 0.000672 0.000667 0.000672 0.0 0.999998 1.0 0.000672 0.0 0.0 0.0 0.0 0.995124 0.0 1.0 1.0 0.000672 0.0 0.000672 0.0 1.0 1.0 0.0 0.0 0.000677 1.0 0.995124 0.999303142857 0.0 0.0 0.0 0.000677 0.000667 0.000672 
2.1 46450.0 46290.0 0.00066 0.000667 0.00067 0.0 1.0 1.0 0.000667 0.0 0.0 0.0 0.0 1.0 0.0 1.0 0.995248 0.000666 0.0 0.00064 0.0 1.0 0.958246 0.0 0.0 0.000667 1.0 0.958246 0.993356285714 0.0 0.0 0.0 0.00067 0.00064 0.000662428571429 
4.1 45570.0 45870.0 0.000665 0.000666 0.000656 0.0 0.952124 1.0 0.000624 0.0 0.0 0.0 0.0 1.0 0.0 0.937186 0.992688 0.000667 0.0 0.000666 0.0 0.985754 1.0 0.0 0.0 0.000639 1.0 0.937186 0.981107428571 0.0 0.0 0.0 0.000667 0.000624 0.000654714285714 
6.1 46550.0 45150.0 0.000655 0.000666 0.000646 0.0 0.97906 1.0 0.000666 0.0 0.0 0.0 0.0 1.0 0.0 1.0 0.97493 0.000666 0.0 0.000644 0.0 0.965682 0.967747 0.0 0.0 0.000655 1.0 0.965682 0.983917 0.0 0.0 0.0 0.000666 0.000644 0.000656857142857 
8.1 46070.0 46330.0 0.000666 0.000658 0.000644 0.0 0.966687 1.0 0.000666 0.0 0.0 0.0 0.0 0.984691 0.0 1.0 1.0 0.000666 0.0 0.000667 0.0 0.974388 1.0 0.0 0.0 0.000645 1.0 0.966687 0.989395142857 0.0 0.0 0.0 0.000667 0.000644 0.000658857142857 
10.1 46150.0 46880.0 0.000667 0.00066 0.000667 0.0 1.0 0.994628 0.000666 0.0 0.0 0.0 0.0 0.987002 0.0 1.0 1.0 0.00066 0.0 0.000657 0.0 1.0 0.991062 0.0 0.0 0.000666 1.0 0.987002 0.996098857143 0.0 0.0 0.0 0.000667 0.000657 0.000663285714286 
12.1 46890.0 46250.0 0.000667 0.000665 0.000669 0.0 0.996811 1.0 0.000665 0.0 0.0 0.0 0.0 1.0 0.0 0.993998 1.0 0.000666 0.0 0.000659 0.0 1.0 0.991375 0.0 0.0 0.000665 1.0 0.991375 0.997454857143 0.0 0.0 0.0 0.000669 0.000659 0.000665142857143 
14.1 46770.0 46430.0 0.000661 0.000667 0.000666 0.0 1.0 1.0 0.000666 0.0 0.0 0.0 0.0 1.0 0.0 0.999562 0.993814 0.000665 0.0 0.00067 0.0 1.0 1.0 0.0 0.0 0.000666 1.0 0.993814 0.999053714286 0.0 0.0 0.0 0.00067 0.000661 0.000665857142857 
16.1 46090.0 46260.0 0.000666 0.000667 0.000634 0.0 1.0 1.0 0.000668 0.0 0.0 0.0 0.0 1.0 0.0 1.0 1.0 0.000666 0.0 0.000651 0.0 0.951816 0.977999 0.0 0.0 0.000672 1.0 0.951816 0.989973571429 0.0 0.0 0.0 0.000672 0.000634 0.000660571428571 
18.1 46760.0 45600.0 0.000652 0.000631 0.000669 0.0 1.0 1.0 0.000667 0.0 0.0 0.0 0.0 0.946934 0.0 1.0 0.982373 0.000664 0.0 0.000666 0.0 1.0 0.999185 0.0 0.0 0.000667 1.0 0.946934 0.989784571429 0.0 0.0 0.0 0.000669 0.000631 0.000659428571429 
20.1 46180.0 46060.0 0.000634 0.000667 0.000659 0.0 1.0 1.0 0.000657 0.0 0.0 0.0 0.0 1.0 0.0 0.985313 0.952502 0.000666 0.0 0.00066 0.0 0.995633 0.985002 0.0 0.0 0.000666 1.0 0.952502 0.98835 0.0 0.0 0.0 0.000667 0.000634 0.000658428571429 
22.1 45020.0 47230.0 0.000667 0.000663 0.000666 0.0 0.944572 1.0 0.00066 0.0 0.0 0.0 0.0 0.992313 0.0 0.988875 1.0 0.000666 0.0 0.000667 0.0 1.0 0.99556 0.0 0.0 0.000626 1.0 0.944572 0.98876 0.0 0.0 0.0 0.000667 0.000626 0.000659285714286 
24.1 46690.0 46550.0 0.000662 0.000664 0.000662 0.0 1.0 1.0 0.000658 0.0 0.0 0.0 0.0 0.996874 0.0 0.992503 1.0 0.000663 0.0 0.000666 0.0 0.992503 1.0 0.0 0.0 0.000666 1.0 0.992503 0.997411428571 0.0 0.0 0.0 0.000666 0.000658 0.000663 
26.1 46660.0 46470.0 0.000668 0.000667 0.000666 0.0 0.999685 1.0 0.000666 0.0 0.0 0.0 0.0 0.999752 0.0 1.0 0.997127 0.000666 0.0 0.000666 0.0 1.0 1.0 0.0 0.0 0.000675 1.0 0.997127 0.999509142857 0.0 0.0 0.0 0.000675 0.000666 0.000667714285714 
28.1 46320.0 45580.0 0.000666 0.000667 0.000634 0.0 0.952187 1.0 0.000666 0.0 0.0 0.0 0.0 1.0 0.0 1.0 1.0 0.000666 0.0 0.000655 0.0 0.954247 0.982992 0.0 0.0 0.000633 1.0 0.952187 0.984203714286 0.0 0.0 0.0 0.000667 0.000633 0.000655285714286 
30.1 46400.0 45950.0 0.000631 0.000659 0.000667 0.0 1.0 0.992497 0.000666 0.0 0.0 0.0 0.0 0.984875 0.0 1.0 0.950269 0.000659 0.0 0.000666 0.0 1.0 1.0 0.0 0.0 0.000667 1.0 0.950269 0.989663 0.0 0.0 0.0 0.000667 0.000631 0.000659285714286 
32.1 46310.0 46530.0 0.000658 0.00066 0.000667 0.0 1.0 1.0 0.000667 0.0 0.0 0.0 0.0 0.985 0.0 1.0 0.98769 0.000666 0.0 0.000666 0.0 1.0 1.0 0.0 0.0 0.000666 1.0 0.985 0.996098571429 0.0 0.0 0.0 0.000667 0.000658 0.000664285714286 
34.1 45840.0 46430.0 0.000652 0.000666 0.000665 0.0 0.99994 1.0 0.000629 0.0 0.0 0.0 0.0 1.0 0.0 0.939127 0.980188 0.000666 0.0 0.000666 0.0 1.0 1.0 0.0 0.0 0.000666 1.0 0.939127 0.988465 0.0 0.0 0.0 0.000666 0.000629 0.000658571428571 
36.1 46010.0 46710.0 0.000666 0.000648 0.000663 0.0 1.0 1.0 0.000663 0.0 0.0 0.0 0.0 0.977556 0.0 0.986984 0.998748 0.000663 0.0 0.000667 0.0 0.993197 1.0 0.0 0.0 0.000666 1.0 0.977556 0.993783571429 0.0 0.0 0.0 0.000667 0.000648 0.000662285714286 
38.1 46200.0 44510.0 0.000634 0.000651 0.000666 0.0 1.0 0.956747 0.000653 0.0 0.0 0.0 0.0 0.977439 0.0 0.972129 0.951061 0.000637 0.0 0.000632 0.0 1.0 0.947773 0.0 0.0 0.000667 1.0 0.947773 0.972164142857 0.0 0.0 0.0 0.000667 0.000632 0.000648571428571 
40.1 46280.0 45910.0 0.000666 0.000637 0.00065 0.0 1.0 1.0 0.000666 0.0 0.0 0.0 0.0 0.954379 0.0 1.0 1.0 0.000667 0.0 0.000667 0.0 0.968749 1.0 0.0 0.0 0.000667 1.0 0.954379 0.989018285714 0.0 0.0 0.0 0.000667 0.000637 0.00066 
42.1 46410.0 46610.0 0.000666 0.000659 0.000661 0.0 1.0 1.0 0.000657 0.0 0.0 0.0 0.0 0.992241 0.0 0.990937 1.0 0.000667 0.0 0.000667 0.0 0.988434 1.0 0.0 0.0 0.000666 1.0 0.988434 0.995944571429 0.0 0.0 0.0 0.000667 0.000657 0.000663285714286 
44.1 45640.0 47040.0 0.000662 0.000666 0.000667 0.0 0.97362 1.0 0.000661 0.0 0.0 0.0 0.0 1.0 0.0 0.984 0.997079 0.000666 0.0 0.000663 0.0 1.0 0.997069 0.0 0.0 0.000643 1.0 0.97362 0.993109714286 0.0 0.0 0.0 0.000667 0.000643 0.000661142857143 
46.1 46240.0 46400.0 0.000653 0.000656 0.000666 0.0 1.0 1.0 0.000667 0.0 0.0 0.0 0.0 0.982732 0.0 1.0 0.98059 0.000666 0.0 0.000658 0.0 1.0 0.985941 0.0 0.0 0.000667 1.0 0.98059 0.992751857143 0.0 0.0 0.0 0.000667 0.000653 0.000661857142857 
48.1 46510.0 46630.0 0.000666 0.000653 0.000666 0.0 0.990716 0.99618 0.000668 0.0 0.0 0.0 0.0 0.985812 0.0 1.0 1.0 0.00066 0.0 0.000667 0.0 1.0 1.0 0.0 0.0 0.000651 1.0 0.985812 0.996101142857 0.0 0.0 0.0 0.000668 0.000651 0.000661571428571 
50.1 46370.0 45820.0 0.000667 0.000666 0.000646 0.0 0.954274 1.0 0.000666 0.0 0.0 0.0 0.0 1.0 0.0 1.0 1.0 0.000666 0.0 0.000654 0.0 0.970016 0.98037 0.0 0.0 0.000628 1.0 0.954274 0.98638 0.0 0.0 0.0 0.000667 0.000628 0.000656142857143 
52.1 45190.0 47460.0 0.000667 0.000664 0.000658 0.0 0.992618 1.0 0.000648 0.0 0.0 0.0 0.0 0.993993 0.0 0.97525 1.0 0.000666 0.0 0.000666 0.0 0.985438 1.0 0.0 0.0 0.000655 1.0 0.97525 0.992471285714 0.0 0.0 0.0 0.000667 0.000648 0.000660571428571 
54.1 46530.0 46360.0 0.000666 0.000649 0.000666 0.0 0.985874 1.0 0.000666 0.0 0.0 0.0 0.0 0.980939 0.0 1.0 1.0 0.000667 0.0 0.000666 0.0 1.0 0.999189 0.0 0.0 0.000661 1.0 0.980939 0.995143142857 0.0 0.0 0.0 0.000667 0.000649 0.000663 
56.1 45880.0 46400.0 0.000666 0.000648 0.000666 0.0 0.948189 1.0 0.000666 0.0 0.0 0.0 0.0 0.972257 0.0 1.0 1.0 0.000666 0.0 0.000666 0.0 1.0 1.0 0.0 0.0 0.000638 1.0 0.948189 0.988635142857 0.0 0.0 0.0 0.000666 0.000638 0.000659428571429 
58.1 46830.0 46480.0 0.000666 0.000667 0.000666 0.0 1.0 1.0 0.000666 0.0 0.0 0.0 0.0 1.0 0.0 1.0 1.0 0.00067 0.0 0.000663 0.0 0.999999 1.0 0.0 0.0 0.000666 1.0 0.999999 0.999999857143 0.0 0.0 0.0 0.00067 0.000663 0.000666285714286 
60.1 4100.0 24790.0 0.021469 0.019637 0.019605 0.0 0.27488 0.332878 0.02399 0.985983 0.975131 0.967231 0.987623 0.340124 0.957749 0.324123 0.337907 0.023347 0.966249 0.022079 0.0 0.353316 0.30967 0.984987 0.0 0.017068 0.353316 0.27488 0.324699714286 0.987623 0.957749 0.974993285714 0.02399 0.017068 0.0210278571429 
62.1 2020.0 89030.0 0.017539 0.016907 0.018166 0.0 0.951872 0.957916 0.020633 0.962113 0.885317 0.931378 0.917123 0.984935 0.896255 0.949254 1.0 0.017513 0.866 0.021916 0.0 0.996313 0.998622 0.901876 0.0 0.021252 1.0 0.949254 0.976987428571 0.962113 0.866 0.908580285714 0.021916 0.016907 0.0191322857143 
64.1 1590.0 90270.0 0.016897 0.013775 0.016205 0.0 1.0 0.981251 0.017531 0.820254 0.906624 0.874793 0.413334 0.976309 0.689409 0.984434 0.966999 0.014405 0.618959 0.01816 0.0 1.0 0.99462 0.66454 0.0 0.013164 1.0 0.966999 0.986230428571 0.906624 0.413334 0.712559 0.01816 0.013164 0.0157338571429 
66.1 1530.0 87570.0 0.015668 0.012483 0.014322 0.0 0.938438 0.936815 0.016261 0.572375 0.845905 0.487851 0.75253 0.910192 0.782846 0.952059 0.999248 0.016872 0.635854 0.012518 0.0 1.0 0.96486 0.6875 0.0 0.014998 1.0 0.910192 0.957373142857 0.845905 0.487851 0.680694428571 0.016872 0.012483 0.0147317142857 
68.1 1490.0 89940.0 0.011894 0.011291 0.01643 0.0 0.973311 0.959813 0.013146 0.835167 0.703617 0.669754 0.46875 1.0 0.65075 0.974611 0.972063 0.011886 0.750274 0.018163 0.0 0.982754 1.0 0.47525 0.0 0.013774 1.0 0.959813 0.980364571429 0.835167 0.46875 0.650508857143 0.018163 0.011291 0.0137977142857 
70.1 1530.0 88920.0 0.016271 0.011284 0.014418 0.0 0.953005 0.903804 0.015019 0.76148 0.736122 0.585989 0.574726 0.997433 0.587523 0.970128 0.966131 0.014976 0.727499 0.01504 0.0 1.0 1.0 0.78125 0.0 0.016882 1.0 0.903804 0.970071571429 0.78125 0.574726 0.679227 0.016882 0.011284 0.0148414285714 
72.1 1510.0 90040.0 0.012533 0.013162 0.014398 0.0 0.968309 0.973566 0.010028 0.575365 0.581011 0.504871 0.822505 0.98787 0.782123 0.97711 0.98462 0.013151 0.759106 0.013791 0.0 0.977189 1.0 0.677005 0.0 0.015636 1.0 0.968309 0.981237714286 0.822505 0.504871 0.671712285714 0.015636 0.010028 0.0132427142857 
74.1 1500.0 89570.0 0.015018 0.0094 0.013756 0.0 1.0 0.970703 0.014419 0.684877 0.790996 0.557388 0.6665 0.965502 0.434629 1.0 0.964118 0.015015 0.767328 0.01754 0.0 0.942313 1.0 0.797394 0.0 0.013788 1.0 0.942313 0.977519428571 0.797394 0.434629 0.671301714286 0.01754 0.0094 0.0141337142857 
76.1 1420.0 90290.0 0.013146 0.011267 0.009422 0.0 1.0 1.0 0.013775 0.450198 0.598416 0.416414 0.729279 0.966248 0.698082 0.982433 0.971629 0.016914 0.629466 0.013151 0.0 1.0 0.969951 0.87837 0.0 0.016292 1.0 0.966248 0.984323 0.87837 0.416414 0.628603571429 0.016914 0.009422 0.0134238571429 
78.1 1440.0 91010.0 0.013167 0.01191 0.011284 0.0 1.0 0.984812 0.011902 0.528225 0.720099 0.385269 0.626668 0.988751 0.534923 0.986086 1.0 0.014406 0.89433 0.013165 0.0 0.982563 1.0 0.696576 0.0 0.01441 1.0 0.982563 0.991744571429 0.89433 0.385269 0.626584285714 0.01441 0.011284 0.012892 
80.1 1470.0 89660.0 0.0161 0.014392 0.011293 0.0 0.983996 0.963242 0.010016 0.65625 0.568503 0.725445 0.578563 0.958997 0.716932 0.963996 1.0 0.017199 0.706067 0.015657 0.0 1.0 0.981995 0.633883 0.0 0.008787 1.0 0.958997 0.978889428571 0.725445 0.568503 0.655091857143 0.017199 0.008787 0.0133491428571 
82.1 1450.0 90370.0 0.016279 0.013764 0.013168 0.0 0.983443 0.982997 0.015658 0.6325 0.522735 0.733129 0.624677 0.959496 0.592191 0.989618 0.989246 0.010032 0.763923 0.016286 0.0 1.0 1.0 0.721015 0.0 0.015034 1.0 0.959496 0.9864 0.763923 0.522735 0.655738571429 0.016286 0.010032 0.0143172857143 
84.1 1520.0 87890.0 0.015033 0.014416 0.016903 0.0 0.935624 0.902441 0.009999 0.607704 0.731549 0.787795 0.605704 1.0 0.65625 0.936368 0.980442 0.017474 0.469011 0.012531 0.0 0.98887 0.980561 0.793745 0.0 0.014371 1.0 0.902441 0.960615142857 0.793745 0.469011 0.664536857143 0.017474 0.009999 0.0143895714286 
86.1 1400.0 90360.0 0.016899 0.01129 0.016281 0.0 0.966486 0.997841 0.013162 0.374901 0.684521 0.573593 0.625527 1.0 0.708 0.991254 0.969562 0.012533 0.825002 0.010664 0.0 0.976055 0.996314 0.64361 0.0 0.011901 1.0 0.966486 0.985358857143 0.825002 0.374901 0.633593428571 0.016899 0.010664 0.0132471428571 
88.1 1380.0 90810.0 0.013789 0.015671 0.011278 0.0 0.998868 0.999372 0.013165 0.628521 0.582914 0.620475 0.599092 0.998873 0.906603 0.999127 0.999749 0.011918 0.610336 0.011884 0.0 0.983498 0.9495 0.411138 0.0 0.009409 0.999749 0.9495 0.989855285714 0.906603 0.411138 0.622725571429 0.015671 0.009409 0.0124448571429 
90.1 1500.0 89560.0 0.010037 0.016901 0.016293 0.0 0.934107 0.983792 0.015002 0.527129 0.691509 0.66961 0.716615 0.972812 0.705873 0.948684 0.99725 0.013156 0.744624 0.012543 0.0 0.996074 1.0 0.653366 0.0 0.013111 1.0 0.934107 0.976102714286 0.744624 0.527129 0.672675142857 0.016901 0.010037 0.0138632857143 
92.1 1430.0 90370.0 0.015029 0.015024 0.012536 0.0 0.986201 1.0 0.010657 0.59375 0.323962 0.727017 0.62962 0.967174 0.546849 0.98605 0.99262 0.015665 0.886 0.013757 0.0 0.994247 0.955818 0.682229 0.0 0.015656 1.0 0.955818 0.983158571429 0.886 0.323962 0.627061 0.015665 0.010657 0.0140462857143 
94.1 1390.0 90920.0 0.015027 0.015022 0.010665 0.0 0.9987 0.994995 0.011911 0.656497 0.554591 0.528776 0.550966 0.974307 0.721598 0.991803 0.981056 0.015041 0.671901 0.014416 0.0 0.992623 0.999561 0.725904 0.0 0.011905 0.999561 0.974307 0.990435 0.725904 0.528776 0.630033285714 0.015041 0.010665 0.0134267142857 
96.1 1420.0 89810.0 0.011278 0.008791 0.013793 0.0 0.948007 0.957311 0.013141 0.434417 0.665629 0.708954 0.768204 1.0 0.389254 0.957741 0.990492 0.012511 0.680444 0.012543 0.0 0.995936 1.0 0.750456 0.0 0.013133 1.0 0.948007 0.978498142857 0.768204 0.389254 0.628194 0.013793 0.008791 0.01217 
98.1 1510.0 90330.0 0.011897 0.020668 0.011909 0.0 1.0 0.962257 0.017523 0.679941 0.686923 0.60718 0.753608 0.9995 0.80895 0.976558 0.977999 0.013143 0.617271 0.013147 0.0 0.99256 0.97156 0.536504 0.0 0.013616 1.0 0.962257 0.982919142857 0.80895 0.536504 0.670053857143 0.020668 0.011897 0.0145575714286 
100.1 1570.0 90110.0 0.011281 0.015018 0.013158 0.0 0.997316 0.977746 0.015019 0.664826 0.59225 0.727469 0.900251 0.970986 0.641624 0.964055 0.991625 0.014403 0.543251 0.016293 0.0 0.986249 1.0 0.76895 0.0 0.010668 1.0 0.964055 0.983996714286 0.900251 0.543251 0.691231571429 0.016293 0.010668 0.0136914285714 
102.1 1440.0 90770.0 0.014417 0.013788 0.013781 0.0 1.0 0.981683 0.013143 0.666176 0.826375 0.691868 0.616299 0.992442 0.727288 0.967437 0.991989 0.010027 0.602034 0.015654 0.0 0.991745 0.989497 0.462789 0.0 0.011292 1.0 0.967437 0.987827571429 0.826375 0.462789 0.656118428571 0.015654 0.010027 0.0131574285714 
104.1 1420.0 90770.0 0.01566 0.01067 0.010041 0.0 0.960513 0.976939 0.015665 0.700895 0.683122 0.736248 0.678128 0.992752 0.435124 1.0 0.998614 0.016275 0.628375 0.013165 0.0 0.996311 1.0 0.589858 0.0 0.012514 1.0 0.960513 0.989304142857 0.736248 0.435124 0.635964285714 0.016275 0.010041 0.0134271428571 
106.1 1540.0 90410.0 0.009419 0.013774 0.010663 0.0 0.964437 0.989559 0.008785 0.804255 0.699252 0.636381 0.653004 0.975684 0.557491 0.988888 1.0 0.016908 0.772512 0.015041 0.0 0.995437 0.999878 0.656242 0.0 0.012523 1.0 0.964437 0.987697571429 0.804255 0.557491 0.682733857143 0.016908 0.008785 0.0124447142857 
108.1 1510.0 89390.0 0.016289 0.012545 0.011284 0.0 0.913881 0.969387 0.01501 0.892253 0.684603 0.637379 0.615249 1.0 0.605763 0.964259 0.99337 0.011898 0.724368 0.013792 0.0 0.987071 1.0 0.487632 0.0 0.014361 1.0 0.913881 0.975424 0.892253 0.487632 0.663892428571 0.016289 0.011284 0.013597 
110.1 1480.0 90010.0 0.018143 0.012506 0.013795 0.0 0.968056 1.0 0.014393 0.739103 0.654354 0.373108 0.615006 0.951244 0.731746 0.973365 0.968128 0.012544 0.724147 0.011287 0.0 0.99956 0.999576 0.788628 0.0 0.015014 1.0 0.951244 0.979989857143 0.788628 0.373108 0.660870285714 0.018143 0.011287 0.0139545714286 
112.1 1410.0 90100.0 0.00941 0.014395 0.011916 0.0 0.976504 1.0 0.016291 0.588117 0.555102 0.577435 0.754804 0.975814 0.982001 1.0 0.993187 0.01317 0.56772 0.013745 0.0 1.0 0.930809 0.458947 0.0 0.015659 1.0 0.930809 0.982330571429 0.982001 0.458947 0.640589428571 0.016291 0.00941 0.0135122857143 
114.1 1460.0 90770.0 0.018147 0.011295 0.012534 0.0 1.0 1.0 0.014989 0.59972 0.634626 0.714088 0.603747 1.0 0.616081 0.976752 0.972181 0.012539 0.748328 0.013163 0.0 0.99012 0.99206 0.735788 0.0 0.014415 1.0 0.972181 0.990159 0.748328 0.59972 0.664625428571 0.018147 0.011295 0.0138688571429 
116.1 1480.0 89990.0 0.012502 0.013791 0.012539 0.0 0.994747 0.975191 0.015011 0.676681 0.73102 0.557307 0.56175 1.0 0.656055 0.967701 0.944378 0.016273 0.626886 0.010657 0.0 0.990069 0.9905 0.802979 0.0 0.012543 1.0 0.944378 0.980369428571 0.802979 0.557307 0.658954 0.016273 0.010657 0.0133308571429 
118.1 1420.0 90420.0 0.016291 0.012436 0.015664 0.0 1.0 1.0 0.01628 0.743942 0.553438 0.573689 0.537061 0.953784 0.651373 0.986935 0.998499 0.012546 0.765999 0.022513 0.0 1.0 0.955624 0.651124 0.0 0.017547 1.0 0.953784 0.984977428571 0.765999 0.537061 0.639518 0.022513 0.012436 0.0161824285714 
