# t client_1 client_2 node_7_network node_5_network node_2_network node_0_cpu node_1_cpu node_4_cpu node_6_network node_3_io node_6_io node_2_io node_4_io node_5_cpu node_5_io node_6_cpu node_7_cpu node_4_network node_7_io node_3_network node_0_io node_2_cpu node_3_cpu node_1_io node_0_network node_1_network  cpu_max cpu_min cpu_avg io_max io_min io_avg net_max net_min net_avg
0.1 46760.0 45870.0 0.00067 0.000672 0.000672 0.0 1.0 0.999311 0.000677 0.0 0.0 0.0 0.0 1.0 0.0 0.999998 0.997311 0.000669 0.0 0.000672 0.0 1.0 1.0 0.0 0.0 0.00067 1.0 0.997311 0.999517142857 0.0 0.0 0.0 0.000677 0.000669 0.000671714285714 
2.1 46090.0 47130.0 0.000657 0.000665 0.000666 0.0 1.0 1.0 0.000667 0.0 0.0 0.0 0.0 1.0 0.0 1.0 0.988313 0.000666 0.0 0.000666 0.0 1.0 0.998497 0.0 0.0 0.000666 1.0 0.988313 0.998115714286 0.0 0.0 0.0 0.000667 0.000657 0.000664714285714 
4.1 45870.0 46360.0 0.000666 0.000666 0.000641 0.0 1.0 0.977317 0.000666 0.0 0.0 0.0 0.0 1.0 0.0 1.0 1.0 0.00065 0.0 0.000653 0.0 0.960308 0.97944 0.0 0.0 0.000667 1.0 0.960308 0.988152142857 0.0 0.0 0.0 0.000667 0.000641 0.000658428571429 
6.1 46480.0 46680.0 0.000667 0.000666 0.000667 0.0 1.0 0.9955 0.000663 0.0 0.0 0.0 0.0 1.0 0.0 1.0 1.0 0.000661 0.0 0.000653 0.0 1.0 0.98006 0.0 0.0 0.000666 1.0 0.98006 0.996508571429 0.0 0.0 0.0 0.000667 0.000653 0.000663285714286 
8.1 46520.0 46200.0 0.000664 0.00067 0.000666 0.0 1.0 1.0 0.000635 0.0 0.0 0.0 0.0 0.998938 0.0 0.960497 1.0 0.000666 0.0 0.000666 0.0 1.0 1.0 0.0 0.0 0.000667 1.0 0.960497 0.994205 0.0 0.0 0.0 0.00067 0.000635 0.000662 
10.1 45760.0 46410.0 0.000667 0.000667 0.000647 0.0 1.0 0.964999 0.000667 0.0 0.0 0.0 0.0 1.0 0.0 1.0 1.0 0.000648 0.0 0.000669 0.0 0.966558 1.0 0.0 0.0 0.000666 1.0 0.964999 0.990222428571 0.0 0.0 0.0 0.000669 0.000647 0.000661571428571 
12.1 46640.0 46130.0 0.000666 0.000666 0.000666 0.0 1.0 1.0 0.000666 0.0 0.0 0.0 0.0 1.0 0.0 1.0 0.995432 0.000667 0.0 0.00065 0.0 1.0 0.972002 0.0 0.0 0.000665 1.0 0.972002 0.995347714286 0.0 0.0 0.0 0.000667 0.00065 0.000663714285714 
14.1 45990.0 46690.0 0.000666 0.000667 0.000666 0.0 1.0 0.988186 0.000649 0.0 0.0 0.0 0.0 1.0 0.0 0.964197 0.996805 0.000655 0.0 0.000666 0.0 1.0 1.0 0.0 0.0 0.000666 1.0 0.964197 0.992741142857 0.0 0.0 0.0 0.000667 0.000649 0.000662142857143 
16.1 46600.0 45470.0 0.000663 0.000627 0.00067 0.0 0.979995 1.0 0.000667 0.0 0.0 0.0 0.0 0.935436 0.0 1.0 0.992564 0.000666 0.0 0.000666 0.0 1.0 1.0 0.0 0.0 0.000651 1.0 0.935436 0.986856428571 0.0 0.0 0.0 0.00067 0.000627 0.000658571428571 
18.1 46760.0 46080.0 0.000666 0.000667 0.000661 0.0 1.0 0.979502 0.000666 0.0 0.0 0.0 0.0 1.0 0.0 1.0 1.0 0.00065 0.0 0.000658 0.0 0.997497 0.985247 0.0 0.0 0.000666 1.0 0.979502 0.994606571429 0.0 0.0 0.0 0.000667 0.00065 0.000662 
20.1 45380.0 46650.0 0.000667 0.000644 0.000642 0.0 0.98668 1.0 0.000666 0.0 0.0 0.0 0.0 0.970805 0.0 1.0 1.0 0.000666 0.0 0.000651 0.0 0.96275 0.977739 0.0 0.0 0.000658 1.0 0.96275 0.985424857143 0.0 0.0 0.0 0.000667 0.000642 0.000656285714286 
22.1 45510.0 46210.0 0.000632 0.000667 0.000665 0.0 0.990755 1.0 0.000662 0.0 0.0 0.0 0.0 1.0 0.0 0.989996 0.950439 0.000667 0.0 0.000626 0.0 0.995879 0.946562 0.0 0.0 0.000661 1.0 0.946562 0.981947285714 0.0 0.0 0.0 0.000667 0.000626 0.000654285714286 
24.1 45330.0 45760.0 0.000661 0.000666 0.000667 0.0 0.906066 1.0 0.000614 0.0 0.0 0.0 0.0 1.0 0.0 0.934875 0.999643 0.000666 0.0 0.000656 0.0 1.0 0.976503 0.0 0.0 0.0006 1.0 0.906066 0.973869571429 0.0 0.0 0.0 0.000667 0.0006 0.000647142857143 
26.1 46230.0 46080.0 0.000666 0.000641 0.000666 0.0 0.978685 0.997129 0.000657 0.0 0.0 0.0 0.0 0.968931 0.0 0.9925 1.0 0.000669 0.0 0.000667 0.0 1.0 0.995436 0.0 0.0 0.000655 1.0 0.968931 0.990383 0.0 0.0 0.0 0.000669 0.000641 0.000660142857143 
28.1 46190.0 45980.0 0.000665 0.000662 0.000666 0.0 1.0 1.0 0.000644 0.0 0.0 0.0 0.0 0.987383 0.0 0.958878 1.0 0.000662 0.0 0.000645 0.0 1.0 0.967557 0.0 0.0 0.000666 1.0 0.958878 0.987688285714 0.0 0.0 0.0 0.000666 0.000644 0.000658571428571 
30.1 46260.0 46050.0 0.000646 0.000663 0.000666 0.0 1.0 1.0 0.000634 0.0 0.0 0.0 0.0 0.995372 0.0 0.960621 0.974199 0.000667 0.0 0.00066 0.0 1.0 0.986125 0.0 0.0 0.000666 1.0 0.960621 0.988045285714 0.0 0.0 0.0 0.000667 0.000634 0.000657428571429 
32.1 45930.0 45940.0 0.000666 0.000651 0.000666 0.0 1.0 0.930688 0.000667 0.0 0.0 0.0 0.0 0.972118 0.0 1.0 0.998634 0.000625 0.0 0.000667 0.0 1.0 1.0 0.0 0.0 0.000667 1.0 0.930688 0.98592 0.0 0.0 0.0 0.000667 0.000625 0.000658428571429 
34.1 46210.0 46630.0 0.000666 0.000667 0.000665 0.0 1.0 1.0 0.000663 0.0 0.0 0.0 0.0 1.0 0.0 0.987067 1.0 0.000667 0.0 0.00065 0.0 1.0 0.976558 0.0 0.0 0.000666 1.0 0.976558 0.994803571429 0.0 0.0 0.0 0.000667 0.00065 0.000663428571429 
36.1 46130.0 46910.0 0.000666 0.000665 0.000641 0.0 1.0 1.0 0.000666 0.0 0.0 0.0 0.0 0.999999 0.0 1.0 1.0 0.000667 0.0 0.000669 0.0 0.966239 1.0 0.0 0.0 0.000666 1.0 0.966239 0.995176857143 0.0 0.0 0.0 0.000669 0.000641 0.000662857142857 
38.1 45580.0 46070.0 0.000626 0.000666 0.000657 0.0 1.0 1.0 0.000654 0.0 0.0 0.0 0.0 1.0 0.0 0.96925 0.942498 0.000666 0.0 0.000653 0.0 0.985674 0.978444 0.0 0.0 0.000666 1.0 0.942498 0.982266571429 0.0 0.0 0.0 0.000666 0.000626 0.000655428571429 
40.1 46590.0 45990.0 0.000666 0.000655 0.000664 0.0 0.995565 1.0 0.000666 0.0 0.0 0.0 0.0 0.987185 0.0 1.0 1.0 0.000667 0.0 0.000657 0.0 0.995938 0.977874 0.0 0.0 0.000668 1.0 0.977874 0.993794571429 0.0 0.0 0.0 0.000668 0.000655 0.000663285714286 
42.1 45850.0 46470.0 0.000666 0.000645 0.000639 0.0 0.987121 1.0 0.000668 0.0 0.0 0.0 0.0 0.975654 0.0 0.99463 1.0 0.000666 0.0 0.000666 0.0 0.956631 1.0 0.0 0.0 0.000655 1.0 0.956631 0.987719428571 0.0 0.0 0.0 0.000668 0.000639 0.000657857142857 
44.1 46510.0 44850.0 0.000645 0.000657 0.000633 0.0 1.0 0.998468 0.000636 0.0 0.0 0.0 0.0 0.991437 0.0 0.942498 0.970556 0.00067 0.0 0.000666 0.0 0.949685 1.0 0.0 0.0 0.000667 1.0 0.942498 0.978949142857 0.0 0.0 0.0 0.00067 0.000633 0.000653428571429 
46.1 46350.0 46630.0 0.000666 0.000649 0.000664 0.0 0.996563 1.0 0.000667 0.0 0.0 0.0 0.0 0.978877 0.0 1.0 1.0 0.000667 0.0 0.000669 0.0 0.999188 1.0 0.0 0.0 0.000666 1.0 0.978877 0.996375428571 0.0 0.0 0.0 0.000669 0.000649 0.000664 
48.1 46550.0 46120.0 0.00066 0.000666 0.000655 0.0 0.987626 1.0 0.000667 0.0 0.0 0.0 0.0 1.0 0.0 1.0 0.983622 0.000666 0.0 0.000665 0.0 0.988628 0.997001 0.0 0.0 0.00066 1.0 0.983622 0.993839571429 0.0 0.0 0.0 0.000667 0.000655 0.000662714285714 
50.1 45670.0 47010.0 0.000667 0.000663 0.000666 0.0 0.963128 1.0 0.000666 0.0 0.0 0.0 0.0 0.988436 0.0 1.0 1.0 0.000666 0.0 0.000667 0.0 1.0 0.999813 0.0 0.0 0.000638 1.0 0.963128 0.993053857143 0.0 0.0 0.0 0.000667 0.000638 0.000661857142857 
52.1 46650.0 46390.0 0.000666 0.00066 0.000664 0.0 1.0 0.998314 0.000657 0.0 0.0 0.0 0.0 0.988309 0.0 0.996937 1.0 0.000667 0.0 0.000665 0.0 1.0 0.997059 0.0 0.0 0.000666 1.0 0.988309 0.997231285714 0.0 0.0 0.0 0.000667 0.000657 0.000663571428571 
54.1 45540.0 47200.0 0.00065 0.000663 0.000666 0.0 1.0 0.990376 0.000666 0.0 0.0 0.0 0.0 0.996937 0.0 1.0 0.97625 0.000664 0.0 0.000667 0.0 0.999063 1.0 0.0 0.0 0.000667 1.0 0.97625 0.994660857143 0.0 0.0 0.0 0.000667 0.00065 0.000663285714286 
56.1 46120.0 46470.0 0.000667 0.000661 0.000666 0.0 0.998703 1.0 0.000648 0.0 0.0 0.0 0.0 0.986315 0.0 0.972369 1.0 0.000666 0.0 0.000666 0.0 1.0 1.0 0.0 0.0 0.00067 1.0 0.972369 0.993912428571 0.0 0.0 0.0 0.00067 0.000648 0.000663428571429 
58.1 46280.0 46260.0 0.000663 0.00066 0.000667 0.0 0.952186 1.0 0.000666 0.0 0.0 0.0 0.0 0.989753 0.0 1.0 0.999752 0.000666 0.0 0.000666 0.0 1.0 0.999875 0.0 0.0 0.000638 1.0 0.952186 0.991652285714 0.0 0.0 0.0 0.000667 0.000638 0.000660857142857 
60.1 4100.0 84380.0 0.021905 0.018738 0.021878 0.0 0.984376 1.0 0.020632 0.975567 0.983065 0.98769 0.979943 0.918638 0.99144 0.949496 0.983811 0.020666 0.970817 0.018787 0.0 0.945188 0.997059 0.989941 0.0 0.018151 1.0 0.918638 0.968366857143 0.99144 0.970817 0.982637571429 0.021905 0.018151 0.0201081428571 
62.1 2160.0 89100.0 0.020653 0.016876 0.012542 0.0 1.0 0.984626 0.01938 1.0 1.0 0.757731 1.0 0.935073 1.0 0.948809 0.985431 0.015657 1.0 0.022542 0.0 1.0 1.0 1.0 0.0 0.02504 1.0 0.935073 0.979134142857 1.0 0.757731 0.965390142857 0.02504 0.012542 0.0189557142857 
64.1 2230.0 88760.0 0.022543 0.018791 0.018166 0.0 0.973615 0.943624 0.024388 1.0 1.0 0.915598 1.0 1.0 1.0 0.961049 1.0 0.025004 1.0 0.018142 0.0 1.0 0.965681 1.0 0.0 0.025019 1.0 0.943624 0.977709857143 1.0 0.915598 0.987942571429 0.025019 0.018142 0.0217218571429 
66.1 2250.0 89930.0 0.021907 0.019406 0.014425 0.0 0.975685 0.978821 0.016923 1.0 1.0 1.0 1.0 0.990256 1.0 0.997494 0.992979 0.016276 1.0 0.021909 0.0 0.990374 0.994057 1.0 0.0 0.017525 0.997494 0.975685 0.988523714286 1.0 1.0 1.0 0.021909 0.014425 0.0183387142857 
68.1 2100.0 90260.0 0.018167 0.023779 0.024415 0.0 0.976372 0.997683 0.015663 1.0 0.649391 1.0 0.89225 0.982509 1.0 0.999618 1.0 0.018404 1.0 0.01941 0.0 0.993188 0.991185 1.0 0.0 0.020652 1.0 0.976372 0.991507857143 1.0 0.649391 0.934520142857 0.024415 0.015663 0.02007 
70.1 2240.0 88690.0 0.021263 0.024406 0.021291 0.0 1.0 0.953877 0.019404 1.0 1.0 1.0 1.0 0.985562 0.951118 0.980437 0.961936 0.016883 1.0 0.020004 0.0 1.0 0.944937 1.0 0.0 0.02379 1.0 0.944937 0.975249857143 1.0 0.951118 0.993016857143 0.024406 0.016883 0.0210058571429 
72.1 2220.0 88530.0 0.021256 0.02187 0.021896 0.0 1.0 0.950544 0.02129 1.0 1.0 1.0 1.0 0.974757 0.906974 1.0 0.94647 0.017508 1.0 0.019628 0.0 0.966477 0.980289 1.0 0.0 0.023311 1.0 0.94647 0.974076714286 1.0 0.906974 0.986710571429 0.023311 0.017508 0.0209655714286 
74.1 2240.0 89600.0 0.012541 0.020649 0.019402 0.0 0.997091 0.964435 0.019415 1.0 1.0 1.0 1.0 0.973144 1.0 1.0 0.997973 0.021893 1.0 0.021289 0.0 0.980758 0.991689 1.0 0.0 0.021288 1.0 0.964435 0.986441428571 1.0 1.0 1.0 0.021893 0.012541 0.0194967142857 
76.1 2150.0 89780.0 0.015665 0.016905 0.021916 0.0 0.968135 0.993945 0.022541 1.0 1.0 1.0 0.704837 0.979001 1.0 1.0 0.999314 0.013161 1.0 0.013766 0.0 1.0 0.968614 1.0 0.0 0.024397 1.0 0.968135 0.987001285714 1.0 0.704837 0.957833857143 0.024397 0.013161 0.0183358571429 
78.1 2270.0 89140.0 0.028793 0.02254 0.013168 0.0 0.994373 0.962811 0.024392 1.0 1.0 1.0 1.0 1.0 1.0 0.965555 1.0 0.016269 1.0 0.017504 0.0 1.0 0.946999 1.0 0.0 0.019408 1.0 0.946999 0.981391142857 1.0 1.0 1.0 0.028793 0.013168 0.0202962857143 
80.1 2250.0 89200.0 0.02379 0.020659 0.021278 0.0 1.0 0.961245 0.01877 1.0 1.0 1.0 1.0 0.996591 1.0 0.964686 0.998931 0.01314 1.0 0.017521 0.0 0.985616 0.967057 1.0 0.0 0.019418 1.0 0.961245 0.982018 1.0 1.0 1.0 0.02379 0.01314 0.0192251428571 
82.1 2220.0 89320.0 0.02688 0.019857 0.018791 0.0 0.999604 0.961554 0.02004 1.0 1.0 0.838213 1.0 1.0 1.0 0.999936 0.94165 0.017518 1.0 0.020647 0.0 1.0 0.980127 1.0 0.0 0.026916 1.0 0.94165 0.983267285714 1.0 0.838213 0.976887571429 0.026916 0.017518 0.0215212857143 
84.1 2180.0 88940.0 0.018791 0.019207 0.022514 0.0 1.0 0.992245 0.01627 1.0 1.0 0.861627 1.0 0.954737 1.0 0.964213 1.0 0.018785 1.0 0.016279 0.0 0.964713 0.981958 1.0 0.0 0.022541 1.0 0.954737 0.979695142857 1.0 0.861627 0.980232428571 0.022541 0.01627 0.0191981428571 
86.1 2230.0 89990.0 0.026292 0.016282 0.02629 0.0 0.990369 1.0 0.024401 1.0 1.0 1.0 0.996622 0.987472 1.0 0.978629 1.0 0.015662 1.0 0.021913 0.0 1.0 0.990203 1.0 0.0 0.018159 1.0 0.978629 0.992381857143 1.0 0.996622 0.999517428571 0.026292 0.015662 0.0212855714286 
88.1 2170.0 87940.0 0.01503 0.018766 0.019371 0.0 0.993874 1.0 0.023791 0.935507 1.0 1.0 1.0 0.958233 0.902241 1.0 0.978801 0.022538 1.0 0.020618 0.0 0.927164 0.92657 1.0 0.0 0.021528 1.0 0.92657 0.969234571429 1.0 0.902241 0.976821142857 0.023791 0.01503 0.0202345714286 
90.1 2180.0 88960.0 0.018147 0.023165 0.01627 0.0 0.96425 1.0 0.022527 1.0 1.0 0.945254 1.0 1.0 0.902376 0.9685 0.974 0.026292 1.0 0.020646 0.0 0.971686 0.975749 1.0 0.0 0.026895 1.0 0.96425 0.979169285714 1.0 0.902376 0.978232857143 0.026895 0.01627 0.0219917142857 
92.1 2240.0 90000.0 0.015031 0.023165 0.016902 0.0 1.0 0.997355 0.014422 1.0 1.0 1.0 1.0 1.0 1.0 0.997377 0.977427 0.02652 0.949979 0.020028 0.0 0.98402 0.981099 1.0 0.0 0.017541 1.0 0.977427 0.991039714286 1.0 0.949979 0.992854142857 0.02652 0.014422 0.019087 
94.1 2260.0 88480.0 0.020666 0.021871 0.023775 0.0 0.98556 0.965274 0.018152 1.0 1.0 1.0 1.0 0.939306 1.0 0.988554 1.0 0.018147 1.0 0.01813 0.0 0.984377 0.94831 1.0 0.0 0.025725 1.0 0.939306 0.973054428571 1.0 1.0 1.0 0.025725 0.01813 0.0209237142857 
96.1 2220.0 89420.0 0.023157 0.018765 0.018149 0.0 0.991002 0.996491 0.016289 1.0 1.0 1.0 1.0 0.961878 1.0 1.0 0.985745 0.019418 1.0 0.021267 0.0 0.981055 0.967807 0.97713 0.0 0.022093 1.0 0.961878 0.983425428571 1.0 0.97713 0.996732857143 0.023157 0.016289 0.0198768571429 
98.1 2220.0 88480.0 0.02 0.01565 0.021915 0.0 0.998531 1.0 0.026254 1.0 1.0 1.0 1.0 0.968561 0.855121 0.957557 0.938809 0.019416 1.0 0.025008 0.0 1.0 0.951307 1.0 0.0 0.017535 1.0 0.938809 0.973537857143 1.0 0.855121 0.979303 0.026254 0.01565 0.0208254285714 
100.1 2240.0 89320.0 0.017519 0.020679 0.021278 0.0 0.965036 1.0 0.01754 1.0 1.0 1.0 1.0 0.9661 1.0 1.0 0.974496 0.014416 1.0 0.022538 0.0 0.988062 0.990805 1.0 0.0 0.020648 1.0 0.965036 0.983499857143 1.0 1.0 1.0 0.022538 0.014416 0.0192311428571 
102.1 2230.0 88670.0 0.015044 0.018146 0.020666 0.0 0.955293 1.0 0.015216 1.0 1.0 1.0 0.968122 0.969064 1.0 0.929378 0.998813 0.018791 1.0 0.020655 0.0 1.0 0.986439 1.0 0.0 0.02314 1.0 0.929378 0.976998142857 1.0 0.968122 0.995446 0.02314 0.015044 0.0188082857143 
104.1 2180.0 88120.0 0.016259 0.016899 0.020636 0.0 0.934456 0.972433 0.022541 1.0 1.0 0.961373 1.0 0.979367 1.0 1.0 0.947495 0.022518 0.798572 0.019415 0.0 0.952746 0.996744 1.0 0.0 0.024997 1.0 0.934456 0.969034428571 1.0 0.798572 0.965706428571 0.024997 0.016259 0.0204664285714 
106.1 2160.0 88520.0 0.022533 0.019551 0.020003 0.0 0.956498 0.954013 0.023165 0.761124 1.0 1.0 1.0 1.0 1.0 1.0 0.990743 0.023765 1.0 0.016273 0.0 0.948187 0.971561 1.0 0.0 0.019388 1.0 0.948187 0.974428857143 1.0 0.761124 0.965874857143 0.023765 0.016273 0.0206682857143 
108.1 2140.0 90220.0 0.014404 0.016916 0.017535 0.0 1.0 0.974987 0.023782 1.0 1.0 1.0 1.0 1.0 1.0 0.999753 0.982256 0.019404 0.564137 0.015033 0.0 0.991882 0.984743 1.0 0.0 0.017537 1.0 0.974987 0.990517285714 1.0 0.564137 0.937733857143 0.023782 0.014404 0.0178015714286 
110.1 2120.0 88970.0 0.013157 0.022516 0.021896 0.0 0.988122 1.0 0.018128 1.0 1.0 1.0 1.0 0.965943 1.0 0.940808 0.985873 0.017541 0.61289 0.022539 0.0 0.962977 1.0 1.0 0.0 0.025028 1.0 0.940808 0.977674714286 1.0 0.61289 0.944698571429 0.025028 0.013157 0.020115 
112.1 2210.0 88600.0 0.020666 0.015009 0.01814 0.0 1.0 0.969316 0.013152 1.0 1.0 1.0 0.966052 0.953996 1.0 0.974358 1.0 0.024395 1.0 0.021186 0.0 0.958 0.974825 1.0 0.0 0.020665 1.0 0.953996 0.975785 1.0 0.966052 0.995150285714 0.024395 0.013152 0.0190304285714 
114.1 2140.0 89010.0 0.01752 0.020655 0.01877 0.0 0.973223 0.944301 0.018165 0.859913 1.0 1.0 1.0 0.980028 1.0 1.0 0.975981 0.014377 0.836549 0.017541 0.0 0.974554 1.0 1.0 0.0 0.018777 1.0 0.944301 0.978298142857 1.0 0.836549 0.956637428571 0.020655 0.014377 0.0179721428571 
116.1 2180.0 89390.0 0.020647 0.016276 0.021904 0.0 0.974893 0.997519 0.023786 1.0 1.0 1.0 1.0 0.977209 0.905326 0.985099 0.971792 0.01941 1.0 0.026291 0.0 0.976257 1.0 0.895921 0.0 0.016896 1.0 0.971792 0.983252714286 1.0 0.895921 0.971606714286 0.026291 0.016276 0.0207442857143 
118.1 2240.0 89250.0 0.017544 0.015031 0.019397 0.0 0.990626 1.0 0.019351 1.0 1.0 1.0 1.0 0.990436 1.0 0.927491 1.0 0.022537 1.0 0.016907 0.0 0.971319 0.990746 1.0 0.0 0.02191 1.0 0.927491 0.981516857143 1.0 1.0 1.0 0.022537 0.015031 0.0189538571429 
