# t client_1 client_2 node_7_network node_5_network node_2_network node_0_cpu node_1_cpu node_4_cpu node_6_network node_3_io node_6_io node_2_io node_4_io node_5_cpu node_5_io node_6_cpu node_7_cpu node_4_network node_7_io node_3_network node_0_io node_2_cpu node_3_cpu node_1_io node_0_network node_1_network  cpu_max cpu_min cpu_avg io_max io_min io_avg net_max net_min net_avg
0.1 46560.0 45870.0 0.000653 0.000672 0.000672 0.0 0.993749 1.0 0.000672 0.0 0.0 0.0 0.0 1.0 0.0 1.0 0.977999 0.000672 0.0 0.000672 0.0 1.0 1.0 0.0 0.0 0.000662 1.0 0.977999 0.995964 0.0 0.0 0.0 0.000672 0.000653 0.000667857142857 
2.1 46160.0 46270.0 0.000653 0.000649 0.000666 0.0 1.0 0.984441 0.000664 0.0 0.0 0.0 0.0 0.968564 0.0 1.0 0.980439 0.00066 0.0 0.000666 0.0 1.0 1.0 0.0 0.0 0.000666 1.0 0.968564 0.990492 0.0 0.0 0.0 0.000666 0.000649 0.000660571428571 
4.1 46330.0 46430.0 0.000653 0.000666 0.000658 0.0 0.993309 1.0 0.000667 0.0 0.0 0.0 0.0 1.0 0.0 1.0 0.978998 0.000666 0.0 0.000667 0.0 0.986564 1.0 0.0 0.0 0.000655 1.0 0.978998 0.994124428571 0.0 0.0 0.0 0.000667 0.000653 0.000661714285714 
6.1 46050.0 46340.0 0.000656 0.00065 0.000667 0.0 1.0 0.976623 0.000663 0.0 0.0 0.0 0.0 0.97544 0.0 0.991309 0.989555 0.000651 0.0 0.000666 0.0 1.0 1.0 0.0 0.0 0.000667 1.0 0.97544 0.990418142857 0.0 0.0 0.0 0.000667 0.00065 0.00066 
8.1 46160.0 46790.0 0.000666 0.000667 0.000669 0.0 0.990939 1.0 0.000647 0.0 0.0 0.0 0.0 1.0 0.0 0.977129 1.0 0.000665 0.0 0.000667 0.0 0.996746 1.0 0.0 0.0 0.00066 1.0 0.977129 0.994973428571 0.0 0.0 0.0 0.000669 0.000647 0.000663 
10.1 46090.0 46210.0 0.000655 0.000664 0.000656 0.0 0.95769 1.0 0.000667 0.0 0.0 0.0 0.0 0.999061 0.0 1.0 0.989496 0.000667 0.0 0.000668 0.0 0.980619 1.0 0.0 0.0 0.000639 1.0 0.95769 0.989552285714 0.0 0.0 0.0 0.000668 0.000639 0.000659428571429 
12.1 46020.0 46000.0 0.00066 0.000644 0.000666 0.0 0.954499 1.0 0.000666 0.0 0.0 0.0 0.0 0.968688 0.0 1.0 0.983873 0.000666 0.0 0.000667 0.0 1.0 1.0 0.0 0.0 0.000642 1.0 0.954499 0.986722857143 0.0 0.0 0.0 0.000667 0.000642 0.000658714285714 
14.1 45590.0 45660.0 0.000659 0.000667 0.000667 0.0 0.948561 0.964928 0.000666 0.0 0.0 0.0 0.0 1.0 0.0 1.0 0.983939 0.000641 0.0 0.00064 0.0 1.0 0.955499 0.0 0.0 0.000638 1.0 0.948561 0.978989571429 0.0 0.0 0.0 0.000667 0.000638 0.000654 
16.1 46360.0 46450.0 0.000639 0.000666 0.000666 0.0 1.0 1.0 0.000666 0.0 0.0 0.0 0.0 1.0 0.0 1.0 0.961056 0.000668 0.0 0.000666 0.0 1.0 1.0 0.0 0.0 0.000666 1.0 0.961056 0.994436571429 0.0 0.0 0.0 0.000668 0.000639 0.000662428571429 
18.1 46110.0 45940.0 0.000658 0.000643 0.00065 0.0 1.0 1.0 0.000667 0.0 0.0 0.0 0.0 0.960546 0.0 1.0 0.986568 0.000666 0.0 0.000666 0.0 0.967511 1.0 0.0 0.0 0.000667 1.0 0.960546 0.987803571429 0.0 0.0 0.0 0.000667 0.000643 0.000659571428571 
20.1 46880.0 45760.0 0.000665 0.000666 0.000666 0.0 0.985682 0.966189 0.000666 0.0 0.0 0.0 0.0 1.0 0.0 1.0 0.996744 0.000642 0.0 0.000667 0.0 1.0 1.0 0.0 0.0 0.000657 1.0 0.966189 0.992659285714 0.0 0.0 0.0 0.000667 0.000642 0.000661285714286 
22.1 45590.0 46140.0 0.00064 0.000649 0.000666 0.0 0.941204 1.0 0.000666 0.0 0.0 0.0 0.0 0.974254 0.0 1.0 0.961314 0.000667 0.0 0.000666 0.0 1.0 1.0 0.0 0.0 0.000619 1.0 0.941204 0.982396 0.0 0.0 0.0 0.000667 0.000619 0.000653285714286 
24.1 45270.0 46810.0 0.000611 0.000659 0.000663 0.0 1.0 1.0 0.000667 0.0 0.0 0.0 0.0 0.982537 0.0 1.0 0.923938 0.000666 0.0 0.000666 0.0 1.0 1.0 0.0 0.0 0.000667 1.0 0.923938 0.986639285714 0.0 0.0 0.0 0.000667 0.000611 0.000657 
26.1 45920.0 45990.0 0.000631 0.000666 0.000667 0.0 1.0 0.942007 0.000666 0.0 0.0 0.0 0.0 1.0 0.0 1.0 0.953125 0.000632 0.0 0.000667 0.0 1.0 1.0 0.0 0.0 0.000666 1.0 0.942007 0.985018857143 0.0 0.0 0.0 0.000667 0.000631 0.000656428571429 
28.1 47220.0 45510.0 0.000666 0.000666 0.000666 0.0 0.999749 0.99556 0.00064 0.0 0.0 0.0 0.0 1.0 0.0 0.962309 1.0 0.000664 0.0 0.000664 0.0 1.0 0.9945 0.0 0.0 0.000669 1.0 0.962309 0.993159714286 0.0 0.0 0.0 0.000669 0.00064 0.000662142857143 
30.1 46710.0 46500.0 0.000666 0.000662 0.000666 0.0 1.0 1.0 0.000666 0.0 0.0 0.0 0.0 0.993814 0.0 1.0 0.997057 0.000667 0.0 0.000666 0.0 1.0 1.0 0.0 0.0 0.000666 1.0 0.993814 0.998695857143 0.0 0.0 0.0 0.000667 0.000662 0.000665571428571 
32.1 46750.0 46570.0 0.000666 0.000666 0.000666 0.0 1.0 1.0 0.000666 0.0 0.0 0.0 0.0 1.0 0.0 1.0 1.0 0.000666 0.0 0.000668 0.0 1.0 1.0 0.0 0.0 0.000666 1.0 1.0 1.0 0.0 0.0 0.0 0.000668 0.000666 0.000666285714286 
34.1 46580.0 46220.0 0.000666 0.000649 0.000655 0.0 1.0 0.997748 0.000666 0.0 0.0 0.0 0.0 0.977567 0.0 1.0 1.0 0.000664 0.0 0.000667 0.0 0.989495 0.996065 0.0 0.0 0.000666 1.0 0.977567 0.994410714286 0.0 0.0 0.0 0.000667 0.000649 0.000661857142857 
36.1 45160.0 46770.0 0.000647 0.000634 0.000666 0.0 1.0 0.960434 0.000667 0.0 0.0 0.0 0.0 0.957939 0.0 1.0 0.969993 0.00064 0.0 0.000666 0.0 1.0 1.0 0.0 0.0 0.00067 1.0 0.957939 0.984052285714 0.0 0.0 0.0 0.00067 0.000634 0.000655714285714 
38.1 45480.0 46200.0 0.000666 0.000654 0.000614 0.0 0.9735 1.0 0.00067 0.0 0.0 0.0 0.0 0.977379 0.0 1.0 1.0 0.000667 0.0 0.000667 0.0 0.924189 1.0 0.0 0.0 0.00064 1.0 0.924189 0.982152571429 0.0 0.0 0.0 0.00067 0.000614 0.000654 
40.1 46580.0 46680.0 0.000666 0.000666 0.000666 0.0 0.997063 1.0 0.000666 0.0 0.0 0.0 0.0 1.0 0.0 1.0 1.0 0.000666 0.0 0.000666 0.0 1.0 1.0 0.0 0.0 0.000664 1.0 0.997063 0.999580428571 0.0 0.0 0.0 0.000666 0.000664 0.000665714285714 
42.1 46080.0 46480.0 0.000653 0.000658 0.000658 0.0 1.0 0.981938 0.000664 0.0 0.0 0.0 0.0 0.987812 0.0 0.999999 0.973312 0.000656 0.0 0.000666 0.0 0.992374 1.0 0.0 0.0 0.000666 1.0 0.973312 0.990776428571 0.0 0.0 0.0 0.000666 0.000653 0.000660142857143 
44.1 46550.0 46330.0 0.000666 0.000664 0.000667 0.0 0.992563 0.991706 0.00066 0.0 0.0 0.0 0.0 0.999999 0.0 0.990872 1.0 0.000662 0.0 0.000656 0.0 1.0 0.989624 0.0 0.0 0.000665 1.0 0.989624 0.994966285714 0.0 0.0 0.0 0.000667 0.000656 0.000662857142857 
46.1 46330.0 46850.0 0.000666 0.000667 0.000666 0.0 1.0 0.993871 0.000661 0.0 0.0 0.0 0.0 1.0 0.0 0.995313 1.0 0.000665 0.0 0.000667 0.0 1.0 1.0 0.0 0.0 0.000667 1.0 0.993871 0.998454857143 0.0 0.0 0.0 0.000667 0.000661 0.000665571428571 
48.1 47040.0 46250.0 0.000655 0.000665 0.000666 0.0 0.998812 1.0 0.000666 0.0 0.0 0.0 0.0 1.0 0.0 1.0 0.985995 0.000667 0.0 0.000666 0.0 1.0 1.0 0.0 0.0 0.000657 1.0 0.985995 0.997829571429 0.0 0.0 0.0 0.000667 0.000655 0.000663142857143 
50.1 46080.0 45890.0 0.000667 0.000647 0.000643 0.0 1.0 0.972313 0.000659 0.0 0.0 0.0 0.0 0.971563 0.0 0.988253 1.0 0.000652 0.0 0.000666 0.0 0.965688 1.0 0.0 0.0 0.000667 1.0 0.965688 0.985402428571 0.0 0.0 0.0 0.000667 0.000643 0.000657285714286 
52.1 45920.0 46250.0 0.000665 0.000662 0.000666 0.0 0.949583 0.976622 0.000666 0.0 0.0 0.0 0.0 0.993564 0.0 1.0 0.997749 0.00065 0.0 0.000667 0.0 1.0 1.0 0.0 0.0 0.000643 1.0 0.949583 0.988216857143 0.0 0.0 0.0 0.000667 0.000643 0.000659857142857 
54.1 45840.0 46660.0 0.000666 0.000666 0.000647 0.0 1.0 1.0 0.000661 0.0 0.0 0.0 0.0 1.0 0.0 0.999121 1.0 0.000666 0.0 0.000654 0.0 0.964522 0.98032 0.0 0.0 0.000667 1.0 0.964522 0.991994714286 0.0 0.0 0.0 0.000667 0.000647 0.000661 
56.1 45480.0 46420.0 0.000667 0.000666 0.000667 0.0 0.968003 0.987624 0.000665 0.0 0.0 0.0 0.0 1.0 0.0 0.991002 1.0 0.00066 0.0 0.000641 0.0 1.0 0.955625 0.0 0.0 0.000641 1.0 0.955625 0.986036285714 0.0 0.0 0.0 0.000667 0.000641 0.000658142857143 
58.1 46320.0 46170.0 0.000647 0.00067 0.000646 0.0 1.0 0.978129 0.000662 0.0 0.0 0.0 0.0 1.0 0.0 0.997374 0.976316 0.000648 0.0 0.000666 0.0 0.973617 1.0 0.0 0.0 0.000666 1.0 0.973617 0.989348 0.0 0.0 0.0 0.00067 0.000646 0.000657857142857 
60.1 4100.0 25410.0 0.020233 0.017703 0.01528 0.0 0.351672 0.333464 0.01771 0.970441 0.988952 0.966205 0.991076 0.31303 0.987816 0.317567 0.321678 0.017094 0.980201 0.018986 0.0 0.31886 0.36182 0.972822 0.0 0.025223 0.36182 0.31303 0.331155857143 0.991076 0.966205 0.979644714286 0.025223 0.01528 0.0188898571429 
62.1 2210.0 9350.0 0.021954 0.019454 0.01633 0.0 0.13825 0.11925 0.021333 1.0 0.888597 1.0 1.0 0.120406 1.0 0.126284 0.129595 0.017578 1.0 0.02071 0.0 0.122017 0.123095 1.0 0.0 0.020091 0.13825 0.11925 0.125556714286 1.0 0.888597 0.984085285714 0.021954 0.01633 0.0196357142857 
64.1 2200.0 5730.0 0.015062 0.019434 0.020678 0.0 0.085125 0.094188 0.020686 1.0 0.994501 1.0 1.0 0.089563 1.0 0.092938 0.082813 0.018807 1.0 0.019426 0.0 0.081125 0.077688 0.893911 0.0 0.019431 0.094188 0.077688 0.0862057142857 1.0 0.893911 0.984058857143 0.020686 0.015062 0.0190748571429 
66.1 2240.0 7460.0 0.020069 0.020698 0.020697 0.0 0.109238 0.100082 0.020699 1.0 1.0 1.0 1.0 0.109886 1.0 0.113029 0.106754 0.016941 1.0 0.016933 0.0 0.109392 0.089422 1.0 0.0 0.018824 0.113029 0.089422 0.105400428571 1.0 1.0 1.0 0.020699 0.016933 0.0192658571429 
68.1 2230.0 12280.0 0.023848 0.022609 0.021353 0.0 0.158299 0.160706 0.021973 1.0 1.0 1.0 1.0 0.165025 0.957373 0.148111 0.163188 0.023856 1.0 0.020734 0.0 0.15618 0.153627 1.0 0.0 0.01573 0.165025 0.148111 0.157876571429 1.0 0.957373 0.993910428571 0.023856 0.01573 0.0214432857143 
70.1 2220.0 8790.0 0.022585 0.023199 0.025706 0.0 0.137313 0.109687 0.016334 1.0 1.0 0.997251 0.911931 0.11275 1.0 0.117313 0.128421 0.017572 1.0 0.02257 0.0 0.123421 0.10725 1.0 0.0 0.019462 0.137313 0.10725 0.119450714286 1.0 0.911931 0.987026 0.025706 0.016334 0.0210611428571 
72.1 2070.0 6330.0 0.018187 0.016313 0.020063 0.0 0.095888 0.081671 0.01756 1.0 1.0 1.0 0.627306 0.095517 0.795867 0.101266 0.085608 0.016303 1.0 0.014433 0.0 0.095469 0.087453 1.0 0.0 0.018813 0.101266 0.081671 0.0918388571429 1.0 0.627306 0.917596142857 0.020063 0.014433 0.0173817142857 
74.1 2240.0 12660.0 0.019484 0.016348 0.023859 0.0 0.168313 0.175938 0.019478 1.0 1.0 1.0 1.0 0.149188 1.0 0.155375 0.168813 0.017616 1.0 0.0226 0.0 0.165563 0.149314 1.0 0.0 0.015396 0.175938 0.149188 0.161786285714 1.0 1.0 1.0 0.023859 0.015396 0.0192544285714 
76.1 2240.0 14890.0 0.022621 0.020115 0.020124 0.0 0.207102 0.181559 0.018885 1.0 1.0 1.0 1.0 0.173144 1.0 0.204173 0.15969 0.020119 1.0 0.015107 0.0 0.187921 0.187908 1.0 0.0 0.023262 0.207102 0.15969 0.185928142857 1.0 1.0 1.0 0.023262 0.015107 0.0200332857143 
78.1 2180.0 7000.0 0.016952 0.024451 0.018191 0.0 0.09735 0.087082 0.015689 1.0 1.0 1.0 0.832406 0.093154 1.0 0.096141 0.116905 0.020682 1.0 0.021307 0.0 0.101063 0.1055 1.0 0.0 0.016939 0.116905 0.087082 0.0995992857143 1.0 0.832406 0.976058 0.024451 0.015689 0.019173 
80.1 2250.0 9550.0 0.016328 0.01884 0.016327 0.0 0.13544 0.125642 0.016958 1.0 1.0 1.0 1.0 0.163062 1.0 0.124531 0.125828 0.019458 1.0 0.020716 0.0 0.117063 0.104188 1.0 0.0 0.025681 0.163062 0.104188 0.127964857143 1.0 1.0 1.0 0.025681 0.016327 0.0191868571429 
82.1 2170.0 4940.0 0.017555 0.0188 0.0188 0.0 0.095108 0.07139 0.024428 1.0 0.908508 0.839966 1.0 0.057329 1.0 0.081813 0.084625 0.022547 1.0 0.02567 0.0 0.076734 0.069688 1.0 0.0 0.021307 0.095108 0.057329 0.0766695714286 1.0 0.839966 0.964067714286 0.02567 0.017555 0.021301 
84.1 2220.0 7570.0 0.020066 0.019448 0.013822 0.0 0.117438 0.107516 0.015062 1.0 1.0 1.0 0.906254 0.111109 1.0 0.094375 0.100313 0.014446 1.0 0.019447 0.0 0.108813 0.109938 1.0 0.0 0.0257 0.117438 0.094375 0.107071714286 1.0 0.906254 0.986607714286 0.0257 0.013822 0.0182844285714 
86.1 2010.0 5820.0 0.016299 0.023185 0.017552 0.0 0.079086 0.098357 0.021303 0.888749 0.932587 1.0 0.489214 0.09273 0.92337 0.081976 0.073324 0.02069 1.0 0.013188 0.0 0.080731 0.095759 1.0 0.0 0.021926 0.098357 0.073324 0.0859947142857 1.0 0.489214 0.89056 0.023185 0.013188 0.0191632857143 
88.1 2240.0 10860.0 0.02072 0.01634 0.021966 0.0 0.145708 0.15252 0.016342 1.0 0.994243 1.0 1.0 0.13675 1.0 0.139794 0.114625 0.026976 1.0 0.021347 0.0 0.128221 0.189063 1.0 0.0 0.02384 0.189063 0.114625 0.143811571429 1.0 0.994243 0.999177571429 0.026976 0.01634 0.0210758571429 
90.1 2230.0 15210.0 0.016385 0.013877 0.015126 0.0 0.172813 0.182563 0.015752 1.0 0.937124 1.0 1.0 0.191856 1.0 0.192003 0.190543 0.02137 1.0 0.021367 0.0 0.188793 0.20123 1.0 0.0 0.020121 0.20123 0.172813 0.188543 1.0 0.937124 0.991017714286 0.02137 0.013877 0.017714 
92.1 2110.0 4440.0 0.017553 0.017545 0.020668 0.0 0.070125 0.06875 0.021928 1.0 1.0 1.0 0.599749 0.069855 0.952741 0.074855 0.067911 0.01567 1.0 0.023169 0.0 0.067481 0.090938 1.0 0.0 0.016888 0.090938 0.067481 0.072845 1.0 0.599749 0.93607 0.023169 0.01567 0.0190601428571 
94.1 2220.0 9690.0 0.016951 0.021333 0.020091 0.0 0.142606 0.120962 0.020708 1.0 1.0 1.0 1.0 0.127 1.0 0.125375 0.1148 0.020079 1.0 0.016342 0.0 0.138881 0.13177 0.964873 0.0 0.023218 0.142606 0.1148 0.128770571429 1.0 0.964873 0.994981857143 0.023218 0.016342 0.0198174285714 
96.1 2240.0 9100.0 0.020699 0.019443 0.018203 0.0 0.13564 0.1317 0.020719 1.0 1.0 1.0 1.0 0.10425 1.0 0.131314 0.111841 0.020713 1.0 0.0232 0.0 0.11787 0.129967 1.0 0.0 0.021965 0.13564 0.10425 0.123226 1.0 1.0 1.0 0.0232 0.018203 0.020706 
98.1 2190.0 12880.0 0.018847 0.01575 0.015726 0.0 0.167092 0.163375 0.018863 1.0 1.0 1.0 1.0 0.188293 0.868288 0.169034 0.15877 0.023233 1.0 0.018846 0.0 0.152875 0.152688 1.0 0.0 0.019491 0.188293 0.152688 0.164589571429 1.0 0.868288 0.981184 0.023233 0.015726 0.0186794285714 
100.1 2120.0 8580.0 0.018201 0.019446 0.012575 0.0 0.130731 0.132 0.021226 1.0 0.988834 0.747624 1.0 0.108918 0.915002 0.09525 0.121971 0.021956 1.0 0.02196 0.0 0.114274 0.115188 1.0 0.0 0.021961 0.132 0.09525 0.116904571429 1.0 0.747624 0.950208571429 0.021961 0.012575 0.0196178571429 
102.1 2230.0 10880.0 0.021351 0.017867 0.020723 0.0 0.125923 0.137923 0.021978 1.0 1.0 1.0 1.0 0.133427 1.0 0.155625 0.153836 0.019462 1.0 0.022591 0.0 0.148563 0.14723 1.0 0.0 0.01759 0.155625 0.125923 0.143218142857 1.0 1.0 1.0 0.022591 0.01759 0.0202231428571 
104.1 2240.0 12340.0 0.021992 0.021976 0.017605 0.0 0.15584 0.154578 0.019475 1.0 1.0 1.0 1.0 0.154987 1.0 0.150916 0.177432 0.016348 1.0 0.013857 0.0 0.158313 0.159534 0.996498 0.0 0.016978 0.177432 0.150916 0.1588 1.0 0.996498 0.999499714286 0.021992 0.013857 0.0183187142857 
106.1 2180.0 9200.0 0.016334 0.01883 0.023207 0.0 0.09375 0.126438 0.018205 1.0 1.0 1.0 1.0 0.121125 1.0 0.120617 0.125827 0.020083 0.839374 0.015706 0.0 0.126111 0.151188 1.0 0.0 0.026331 0.151188 0.09375 0.123579428571 1.0 0.839374 0.977053428571 0.026331 0.015706 0.0198137142857 
108.1 2250.0 13860.0 0.021362 0.02012 0.018853 0.0 0.173338 0.168813 0.025746 1.0 1.0 1.0 1.0 0.186937 1.0 0.15325 0.170485 0.019486 1.0 0.027623 0.0 0.156269 0.212432 1.0 0.0 0.020327 0.212432 0.15325 0.174503428571 1.0 1.0 1.0 0.027623 0.018853 0.021931 
110.1 2230.0 8860.0 0.024453 0.02133 0.018216 0.0 0.118576 0.111577 0.01695 1.0 1.0 0.995489 1.0 0.10802 1.0 0.113725 0.118986 0.018199 1.0 0.021956 0.0 0.138106 0.13348 1.0 0.0 0.015704 0.138106 0.10802 0.120352857143 1.0 0.995489 0.999355571429 0.024453 0.015704 0.019544 
112.1 2240.0 8630.0 0.023831 0.016323 0.018416 0.0 0.121563 0.138543 0.02132 1.0 1.0 1.0 1.0 0.110207 1.0 0.108861 0.124332 0.024868 1.0 0.020083 0.0 0.10375 0.126895 1.0 0.0 0.01633 0.138543 0.10375 0.119164428571 1.0 1.0 1.0 0.024868 0.016323 0.0201672857143 
114.1 2120.0 3810.0 0.018161 0.020046 0.019429 0.0 0.05122 0.070744 0.025041 1.0 1.0 1.0 0.937126 0.041841 1.0 0.061523 0.0565 0.012547 0.964623 0.020039 0.0 0.081028 0.092987 0.725739 0.0 0.015659 0.092987 0.041841 0.0651204285714 1.0 0.725739 0.946784 0.025041 0.012547 0.0187031428571 
116.1 2200.0 9560.0 0.01634 0.014462 0.021953 0.0 0.129326 0.12325 0.013823 1.0 1.0 1.0 1.0 0.123438 1.0 0.109625 0.137168 0.022588 0.874625 0.022591 0.0 0.119 0.151293 1.0 0.0 0.021331 0.151293 0.109625 0.127585714286 1.0 0.874625 0.982089285714 0.022591 0.013823 0.0190125714286 
118.1 2210.0 11130.0 0.01947 0.025718 0.018846 0.0 0.163826 0.133689 0.022598 1.0 1.0 0.901526 1.0 0.126202 1.0 0.151034 0.144263 0.020712 1.0 0.02634 0.0 0.145313 0.151104 1.0 0.0 0.018234 0.163826 0.126202 0.145061571429 1.0 0.901526 0.985932285714 0.02634 0.018234 0.0217025714286 
