# t client_1 client_2 node_7_network node_5_network node_2_network node_0_cpu node_1_cpu node_4_cpu node_6_network node_3_io node_6_io node_2_io node_4_io node_5_cpu node_5_io node_6_cpu node_7_cpu node_4_network node_7_io node_3_network node_0_io node_2_cpu node_3_cpu node_1_io node_0_network node_1_network  cpu_max cpu_min cpu_avg io_max io_min io_avg net_max net_min net_avg
0.1 46750.0 45950.0 0.000672 0.000672 0.000672 0.0 1.0 1.0 0.000669 0.0 0.0 0.0 0.0 1.0 0.0 0.998186 1.0 0.000672 0.0 0.000672 0.0 1.0 1.0 0.0 0.0 0.000672 1.0 0.998186 0.999740857143 0.0 0.0 0.0 0.000672 0.000669 0.000671571428571 
2.1 46670.0 45810.0 0.000667 0.000635 0.000666 0.0 1.0 1.0 0.000667 0.0 0.0 0.0 0.0 0.953187 0.0 1.0 1.0 0.000666 0.0 0.000649 0.0 1.0 0.978128 0.0 0.0 0.000666 1.0 0.953187 0.990187857143 0.0 0.0 0.0 0.000667 0.000635 0.000659428571429 
4.1 45450.0 46140.0 0.000647 0.000656 0.000643 0.0 1.0 1.0 0.000666 0.0 0.0 0.0 0.0 0.980936 0.0 1.0 0.975688 0.000667 0.0 0.000639 0.0 0.957432 0.959191 0.0 0.0 0.000667 1.0 0.957432 0.981892428571 0.0 0.0 0.0 0.000667 0.000639 0.000655 
6.1 47330.0 44940.0 0.00066 0.000662 0.000652 0.0 0.979123 1.0 0.000657 0.0 0.0 0.0 0.0 0.995813 0.0 0.991312 0.984495 0.000667 0.0 0.000667 0.0 0.974809 1.0 0.0 0.0 0.000649 1.0 0.974809 0.989364571429 0.0 0.0 0.0 0.000667 0.000649 0.000659142857143 
8.1 46350.0 46470.0 0.000667 0.000667 0.000638 0.0 1.0 1.0 0.000666 0.0 0.0 0.0 0.0 1.0 0.0 1.0 1.0 0.000666 0.0 0.000666 0.0 0.959126 1.0 0.0 0.0 0.000666 1.0 0.959126 0.994160857143 0.0 0.0 0.0 0.000667 0.000638 0.000662285714286 
10.1 45300.0 46450.0 0.000667 0.000636 0.000638 0.0 0.988124 1.0 0.000662 0.0 0.0 0.0 0.0 0.955433 0.0 1.0 1.0 0.000667 0.0 0.00065 0.0 0.961999 0.970065 0.0 0.0 0.000659 1.0 0.955433 0.982231571429 0.0 0.0 0.0 0.000667 0.000636 0.000654142857143 
12.1 45660.0 46830.0 0.000666 0.000656 0.000666 0.0 0.972436 0.99944 0.000661 0.0 0.0 0.0 0.0 0.984501 0.0 0.979942 1.0 0.000667 0.0 0.000666 0.0 1.0 1.0 0.0 0.0 0.000646 1.0 0.972436 0.990902714286 0.0 0.0 0.0 0.000667 0.000646 0.000661142857143 
14.1 46490.0 45740.0 0.000666 0.000666 0.000634 0.0 1.0 1.0 0.000666 0.0 0.0 0.0 0.0 1.0 0.0 1.0 1.0 0.000666 0.0 0.00066 0.0 0.945255 0.984878 0.0 0.0 0.000666 1.0 0.945255 0.990019 0.0 0.0 0.0 0.000666 0.000634 0.000660571428571 
16.1 46780.0 46090.0 0.000666 0.000661 0.000662 0.0 1.0 0.989122 0.000667 0.0 0.0 0.0 0.0 0.990439 0.0 1.0 1.0 0.000664 0.0 0.000667 0.0 0.992687 1.0 0.0 0.0 0.000666 1.0 0.989122 0.996035428571 0.0 0.0 0.0 0.000667 0.000661 0.000664714285714 
18.1 45810.0 47020.0 0.000658 0.000664 0.000666 0.0 1.0 0.978438 0.00067 0.0 0.0 0.0 0.0 0.999619 0.0 1.0 0.98762 0.000652 0.0 0.000666 0.0 1.0 1.0 0.0 0.0 0.000668 1.0 0.978438 0.995096714286 0.0 0.0 0.0 0.00067 0.000652 0.000663428571429 
20.1 46540.0 46000.0 0.000667 0.000661 0.000667 0.0 0.947864 1.0 0.000666 0.0 0.0 0.0 0.0 0.990618 0.0 1.0 1.0 0.000667 0.0 0.000666 0.0 1.0 1.0 0.0 0.0 0.000629 1.0 0.947864 0.991211714286 0.0 0.0 0.0 0.000667 0.000629 0.000660428571429 
22.1 46620.0 46330.0 0.000644 0.000667 0.000667 0.0 1.0 1.0 0.000666 0.0 0.0 0.0 0.0 1.0 0.0 1.0 0.966459 0.000663 0.0 0.000666 0.0 1.0 1.0 0.0 0.0 0.000666 1.0 0.966459 0.995208428571 0.0 0.0 0.0 0.000667 0.000644 0.000662714285714 
24.1 45600.0 46610.0 0.000666 0.000659 0.000641 0.0 0.976376 0.98994 0.000666 0.0 0.0 0.0 0.0 0.990684 0.0 1.0 0.997061 0.000659 0.0 0.000666 0.0 0.958687 1.0 0.0 0.0 0.000647 1.0 0.958687 0.987535428571 0.0 0.0 0.0 0.000666 0.000641 0.000657714285714 
26.1 46350.0 46170.0 0.000649 0.000666 0.000661 0.0 1.0 0.977309 0.000666 0.0 0.0 0.0 0.0 1.0 0.0 1.0 0.974198 0.000655 0.0 0.000666 0.0 0.991814 1.0 0.0 0.0 0.000667 1.0 0.974198 0.991903 0.0 0.0 0.0 0.000667 0.000649 0.000661428571429 
28.1 46310.0 46370.0 0.000666 0.000667 0.000665 0.0 0.957373 1.0 0.000666 0.0 0.0 0.0 0.0 1.0 0.0 1.0 1.0 0.000666 0.0 0.000669 0.0 0.997811 1.0 0.0 0.0 0.000638 1.0 0.957373 0.993597714286 0.0 0.0 0.0 0.000669 0.000638 0.000662428571429 
30.1 46270.0 46270.0 0.000666 0.000669 0.000658 0.0 0.989748 1.0 0.000653 0.0 0.0 0.0 0.0 1.0 0.0 0.986565 1.0 0.000666 0.0 0.000644 0.0 0.99244 0.964939 0.0 0.0 0.000659 1.0 0.964939 0.990527428571 0.0 0.0 0.0 0.000669 0.000644 0.000659285714286 
32.1 46470.0 46800.0 0.000666 0.000667 0.000666 0.0 1.0 0.997121 0.000667 0.0 0.0 0.0 0.0 1.0 0.0 1.0 0.999938 0.000665 0.0 0.000666 0.0 1.0 1.0 0.0 0.0 0.00067 1.0 0.997121 0.999579857143 0.0 0.0 0.0 0.00067 0.000665 0.000666714285714 
34.1 46810.0 46070.0 0.00066 0.000666 0.000666 0.0 0.99081 1.0 0.000666 0.0 0.0 0.0 0.0 1.0 0.0 0.995247 0.992993 0.000667 0.0 0.000652 0.0 1.0 0.984476 0.0 0.0 0.000664 1.0 0.984476 0.994789428571 0.0 0.0 0.0 0.000667 0.000652 0.000663 
36.1 46000.0 46870.0 0.000666 0.000657 0.000667 0.0 1.0 1.0 0.000648 0.0 0.0 0.0 0.0 0.979624 0.0 0.984308 1.0 0.000667 0.0 0.000667 0.0 1.0 1.0 0.0 0.0 0.000666 1.0 0.979624 0.994847428571 0.0 0.0 0.0 0.000667 0.000648 0.000662571428571 
38.1 46620.0 46450.0 0.000666 0.000666 0.000666 0.0 0.996686 1.0 0.000666 0.0 0.0 0.0 0.0 1.0 0.0 1.0 1.0 0.000666 0.0 0.000665 0.0 1.0 0.989917 0.0 0.0 0.000664 1.0 0.989917 0.998086142857 0.0 0.0 0.0 0.000666 0.000664 0.000665571428571 
40.1 47010.0 46150.0 0.000666 0.000667 0.000666 0.0 1.0 0.995874 0.000667 0.0 0.0 0.0 0.0 1.0 0.0 1.0 0.995037 0.000664 0.0 0.000667 0.0 1.0 1.0 0.0 0.0 0.000667 1.0 0.995037 0.998701571429 0.0 0.0 0.0 0.000667 0.000664 0.000666285714286 
42.1 46580.0 45910.0 0.000666 0.00066 0.000652 0.0 0.980566 1.0 0.000666 0.0 0.0 0.0 0.0 0.993811 0.0 1.0 1.0 0.000667 0.0 0.000657 0.0 0.97294 0.986 0.0 0.0 0.000651 1.0 0.97294 0.990473857143 0.0 0.0 0.0 0.000667 0.000651 0.000659857142857 
44.1 46440.0 46120.0 0.000658 0.000657 0.000666 0.0 0.979061 1.0 0.000667 0.0 0.0 0.0 0.0 0.985688 0.0 1.0 0.981758 0.000666 0.0 0.000665 0.0 1.0 0.999565 0.0 0.0 0.000651 1.0 0.979061 0.992296 0.0 0.0 0.0 0.000667 0.000651 0.000661428571429 
46.1 45870.0 46170.0 0.00066 0.000666 0.000648 0.0 1.0 0.982866 0.000643 0.0 0.0 0.0 0.0 1.0 0.0 0.967257 0.990808 0.000654 0.0 0.000666 0.0 0.968183 1.0 0.0 0.0 0.000667 1.0 0.967257 0.987016285714 0.0 0.0 0.0 0.000667 0.000643 0.000657714285714 
48.1 46630.0 45490.0 0.000666 0.000664 0.000666 0.0 0.950816 0.97032 0.000667 0.0 0.0 0.0 0.0 0.996063 0.0 1.0 1.0 0.000642 0.0 0.000665 0.0 1.0 0.996438 0.0 0.0 0.000635 1.0 0.950816 0.987662428571 0.0 0.0 0.0 0.000667 0.000635 0.000657857142857 
50.1 46730.0 46070.0 0.000644 0.000669 0.000667 0.0 1.0 1.0 0.000665 0.0 0.0 0.0 0.0 0.998873 0.0 1.0 0.966437 0.000666 0.0 0.000667 0.0 1.0 1.0 0.0 0.0 0.000667 1.0 0.966437 0.995044285714 0.0 0.0 0.0 0.000669 0.000644 0.000663571428571 
52.1 47210.0 45850.0 0.000666 0.000649 0.000667 0.0 0.994996 1.0 0.000666 0.0 0.0 0.0 0.0 0.979935 0.0 1.0 1.0 0.000667 0.0 0.000665 0.0 1.0 1.0 0.0 0.0 0.000663 1.0 0.979935 0.996418714286 0.0 0.0 0.0 0.000667 0.000649 0.000663285714286 
54.1 46680.0 45430.0 0.000664 0.000666 0.000634 0.0 0.950618 1.0 0.000666 0.0 0.0 0.0 0.0 1.0 0.0 1.0 0.998745 0.000666 0.0 0.000666 0.0 0.953873 1.0 0.0 0.0 0.00063 1.0 0.950618 0.986176571429 0.0 0.0 0.0 0.000666 0.00063 0.000656 
56.1 45780.0 46460.0 0.000666 0.000655 0.000666 0.0 1.0 0.984184 0.000667 0.0 0.0 0.0 0.0 0.983683 0.0 1.0 1.0 0.000655 0.0 0.000642 0.0 1.0 0.956875 0.0 0.0 0.000667 1.0 0.956875 0.989248857143 0.0 0.0 0.0 0.000667 0.000642 0.000659714285714 
58.1 45090.0 46890.0 0.000666 0.000667 0.000666 0.0 1.0 0.937867 0.000653 0.0 0.0 0.0 0.0 1.0 0.0 0.989435 1.0 0.000624 0.0 0.000647 0.0 1.0 0.96668 0.0 0.0 0.000666 1.0 0.937867 0.984854571429 0.0 0.0 0.0 0.000667 0.000624 0.000655571428571 
60.1 4100.0 20560.0 0.01767 0.018946 0.017722 0.0 0.32574 0.28765 0.022665 0.990597 0.992098 0.989598 0.980224 0.293527 0.983973 0.251902 0.264901 0.020206 0.984848 0.022689 0.0 0.2487 0.287777 0.988847 0.0 0.020221 0.32574 0.2487 0.280028142857 0.992098 0.980224 0.987169285714 0.022689 0.01767 0.020017 
62.1 2030.0 0.0 0.020014 0.021891 0.020017 0.0 0.022812 0.032437 0.016883 0.589028 0.676654 1.0 1.0 0.025625 1.0 0.014437 0.023625 0.020645 1.0 0.015635 0.0 0.02475 0.016875 1.0 0.0 0.016265 0.032437 0.014437 0.0229372857143 1.0 0.589028 0.895097428571 0.021891 0.015635 0.0187642857143 
64.1 2240.0 2900.0 0.021917 0.021905 0.020038 0.0 0.060125 0.0515 0.020033 1.0 1.0 1.0 1.0 0.0535 1.0 0.051 0.064813 0.01941 1.0 0.021913 0.0 0.05825 0.059063 1.0 0.0 0.018793 0.064813 0.051 0.056893 1.0 1.0 1.0 0.021917 0.018793 0.0205727142857 
66.1 2130.0 2260.0 0.021283 0.018788 0.019408 0.0 0.04825 0.047938 0.015652 0.688754 0.999749 1.0 0.989674 0.046438 1.0 0.0425 0.05125 0.021281 1.0 0.021904 0.0 0.0525 0.044875 1.0 0.0 0.019406 0.0525 0.0425 0.0476787142857 1.0 0.688754 0.954025285714 0.021904 0.015652 0.0196745714286 
68.1 2140.0 2340.0 0.01878 0.020655 0.024405 0.0 0.051875 0.052063 0.023156 1.0 1.0 1.0 1.0 0.049625 1.0 0.048813 0.046 0.02066 0.6815 0.026286 0.0 0.047875 0.056438 1.0 0.0 0.017534 0.056438 0.046 0.0503841428571 1.0 0.6815 0.9545 0.026286 0.017534 0.0216394285714 
70.1 2100.0 1050.0 0.023781 0.016904 0.021274 0.0 0.03275 0.066813 0.023763 0.556627 1.0 1.0 1.0 0.034688 1.0 0.021688 0.029313 0.023146 1.0 0.013147 0.0 0.025688 0.034063 1.0 0.0 0.024395 0.066813 0.021688 0.0350004285714 1.0 0.556627 0.936661 0.024395 0.013147 0.0209157142857 
72.1 2240.0 750.0 0.020025 0.022521 0.021899 0.0 0.032563 0.02825 0.020649 1.0 1.0 1.0 1.0 0.033 1.0 0.032375 0.02275 0.019393 1.0 0.023769 0.0 0.051188 0.031438 1.0 0.0 0.018146 0.051188 0.02275 0.0330805714286 1.0 1.0 1.0 0.023769 0.018146 0.0209145714286 
74.1 2240.0 2910.0 0.01941 0.017535 0.026287 0.0 0.054563 0.055938 0.025664 1.0 1.0 1.0 0.997 0.052938 1.0 0.060603 0.054375 0.020661 1.0 0.016917 0.0 0.066375 0.061438 1.0 0.0 0.023785 0.066375 0.052938 0.0580328571429 1.0 0.997 0.999571428571 0.026287 0.016917 0.0214655714286 
76.1 2240.0 2690.0 0.020033 0.020035 0.022535 0.0 0.051 0.054313 0.023791 1.0 1.0 1.0 1.0 0.054852 1.0 0.063188 0.056335 0.02316 1.0 0.022534 0.0 0.055103 0.052563 1.0 0.0 0.01316 0.063188 0.051 0.0553362857143 1.0 1.0 1.0 0.023791 0.01316 0.0207497142857 
78.1 2250.0 3190.0 0.021912 0.015035 0.016289 0.0 0.06471 0.059 0.022538 1.0 1.0 1.0 1.0 0.053313 1.0 0.0595 0.058 0.020662 1.0 0.023795 0.0 0.06021 0.066688 1.0 0.0 0.019873 0.066688 0.053313 0.060203 1.0 1.0 1.0 0.023795 0.015035 0.0200148571429 
80.1 2240.0 4630.0 0.021924 0.021306 0.024423 0.0 0.076578 0.084533 0.020673 1.0 1.0 1.0 1.0 0.045438 1.0 0.074164 0.105665 0.025679 1.0 0.019424 0.0 0.0735 0.076228 1.0 0.0 0.020666 0.105665 0.045438 0.0765865714286 1.0 1.0 1.0 0.025679 0.019424 0.0220135714286 
82.1 2240.0 130.0 0.021263 0.018145 0.019395 0.0 0.020313 0.02875 0.021265 1.0 1.0 1.0 1.0 0.028375 1.0 0.028 0.020897 0.018143 1.0 0.023771 0.0 0.028023 0.033688 1.0 0.0 0.019387 0.033688 0.020313 0.0268637142857 1.0 1.0 1.0 0.023771 0.018143 0.0201955714286 
84.1 2230.0 1730.0 0.019402 0.01378 0.020655 0.0 0.047063 0.0385 0.026283 1.0 1.0 1.0 1.0 0.044938 1.0 0.05275 0.043102 0.021274 1.0 0.01315 0.0 0.04675 0.03725 1.0 0.0 0.019575 0.05275 0.03725 0.0443361428571 1.0 1.0 1.0 0.026283 0.01315 0.0191598571429 
86.1 2130.0 800.0 0.020642 0.023147 0.025021 0.0 0.041711 0.029102 0.02002 0.80842 1.0 1.0 0.858378 0.028539 1.0 0.032313 0.027227 0.020018 1.0 0.022525 0.0 0.033875 0.039227 1.0 0.0 0.025025 0.041711 0.027227 0.033142 1.0 0.80842 0.952399714286 0.025025 0.020018 0.0223425714286 
88.1 2230.0 1210.0 0.014396 0.020652 0.014399 0.0 0.047289 0.041063 0.014398 1.0 1.0 1.0 0.962078 0.032313 1.0 0.035875 0.03379 0.020026 1.0 0.014401 0.0 0.03675 0.040063 1.0 0.0 0.011901 0.047289 0.032313 0.0381632857143 1.0 0.962078 0.994582571429 0.020652 0.011901 0.015739 
90.1 2250.0 1040.0 0.018778 0.0269 0.023774 0.0 0.049085 0.038813 0.020022 1.0 1.0 1.0 1.0 0.032313 1.0 0.035125 0.042375 0.025649 1.0 0.018773 0.0 0.037063 0.036125 1.0 0.0 0.0186 0.049085 0.032313 0.0386998571429 1.0 1.0 1.0 0.0269 0.0186 0.0217851428571 
92.1 2220.0 20.0 0.020641 0.019392 0.023062 0.0 0.022892 0.022 0.024394 1.0 1.0 0.996125 1.0 0.027438 1.0 0.0305 0.026955 0.017514 1.0 0.025015 0.0 0.026813 0.024563 1.0 0.0 0.019561 0.0305 0.022 0.0258801428571 1.0 0.996125 0.999446428571 0.025015 0.017514 0.0213684285714 
94.1 2200.0 5160.0 0.02005 0.022552 0.015676 0.0 0.084063 0.032313 0.015053 1.0 1.0 0.887996 1.0 0.091375 1.0 0.03079 0.201313 0.027556 1.0 0.021928 0.0 0.078 0.049313 1.0 0.0 0.018805 0.201313 0.03079 0.0810238571429 1.0 0.887996 0.983999428571 0.027556 0.015053 0.0202314285714 
96.1 2210.0 0.0 0.022515 0.020017 0.016268 0.0 0.031313 0.023586 0.020638 1.0 0.898457 0.9615 1.0 0.022438 1.0 0.020648 0.026125 0.02189 1.0 0.020639 0.0 0.028188 0.024125 1.0 0.0 0.021895 0.031313 0.020648 0.0252032857143 1.0 0.898457 0.979993857143 0.022515 0.016268 0.0205517142857 
98.1 2240.0 0.0 0.015641 0.018137 0.010642 0.0 0.0285 0.032625 0.020016 1.0 1.0 1.0 1.0 0.024 1.0 0.030125 0.02175 0.016896 1.0 0.015013 0.0 0.0265 0.024063 1.0 0.0 0.017518 0.032625 0.02175 0.0267947142857 1.0 1.0 1.0 0.020016 0.010642 0.0162661428571 
100.1 2140.0 1880.0 0.016279 0.021912 0.014408 0.0 0.034438 0.038563 0.021906 1.0 1.0 0.864998 0.805248 0.058397 1.0 0.047875 0.044563 0.013775 1.0 0.021902 0.0 0.049521 0.041813 1.0 0.0 0.018772 0.058397 0.034438 0.0450242857143 1.0 0.805248 0.952892285714 0.021912 0.013775 0.018422 
102.1 2170.0 1690.0 0.022528 0.01878 0.020652 0.0 0.0505 0.03975 0.02065 1.0 1.0 0.98762 0.969616 0.041938 1.0 0.03975 0.042584 0.0219 0.809624 0.022527 0.0 0.042125 0.042396 1.0 0.0 0.018158 0.0505 0.03975 0.0427204285714 1.0 0.809624 0.966694285714 0.022528 0.018158 0.0207421428571 
104.1 2240.0 3070.0 0.017536 0.023792 0.018787 0.0 0.059188 0.057417 0.020665 1.0 1.0 1.0 1.0 0.063938 1.0 0.062188 0.055438 0.020662 1.0 0.020662 0.0 0.057188 0.056875 1.0 0.0 0.016914 0.063938 0.055438 0.0588902857143 1.0 1.0 1.0 0.023792 0.016914 0.0198597142857 
106.1 2240.0 2000.0 0.019407 0.019405 0.019405 0.0 0.047459 0.045438 0.019404 1.0 0.994124 1.0 1.0 0.046813 1.0 0.045479 0.048875 0.019404 1.0 0.016908 0.0 0.045355 0.050438 1.0 0.0 0.021281 0.050438 0.045355 0.0471224285714 1.0 0.994124 0.999160571429 0.021281 0.016908 0.0193162857143 
108.1 2190.0 0.0 0.018141 0.02564 0.020019 0.0 0.022188 0.025979 0.020016 0.994004 0.959373 1.0 0.892792 0.02475 1.0 0.025625 0.025875 0.017516 1.0 0.013141 0.0 0.022188 0.02425 1.0 0.0 0.015639 0.025979 0.022188 0.0244078571429 1.0 0.892792 0.978024142857 0.02564 0.013141 0.0185874285714 
110.1 2110.0 3230.0 0.017539 0.02004 0.026287 0.0 0.059625 0.054563 0.018166 0.866091 1.0 1.0 0.936845 0.062188 0.786662 0.06325 0.059688 0.01941 1.0 0.013787 0.0 0.066313 0.056813 1.0 0.0 0.021289 0.066313 0.054563 0.0603485714286 1.0 0.786662 0.941371142857 0.026287 0.013787 0.0195025714286 
112.1 2230.0 2390.0 0.02378 0.016281 0.016912 0.0 0.055063 0.0585 0.023777 0.958543 1.0 1.0 1.0 0.048375 1.0 0.04379 0.048 0.018164 1.0 0.015657 0.0 0.053063 0.049375 1.0 0.0 0.020661 0.0585 0.04379 0.0508808571429 1.0 0.958543 0.994077571429 0.02378 0.015657 0.0193188571429 
114.1 2220.0 2830.0 0.022536 0.020667 0.02566 0.0 0.0705 0.043875 0.019411 1.0 1.0 1.0 1.0 0.063438 1.0 0.055018 0.055938 0.025028 0.93625 0.018157 0.0 0.058438 0.0515 0.998245 0.0 0.022546 0.0705 0.043875 0.0569581428571 1.0 0.93625 0.990642142857 0.02566 0.018157 0.0220007142857 
116.1 2110.0 2730.0 0.01816 0.018787 0.021907 0.0 0.053313 0.048063 0.023162 1.0 0.788512 1.0 0.81192 0.056188 1.0 0.057063 0.054125 0.023156 1.0 0.021913 0.0 0.050188 0.060313 1.0 0.0 0.019409 0.060313 0.048063 0.054179 1.0 0.788512 0.942918857143 0.023162 0.01816 0.0209277142857 
118.1 2040.0 1620.0 0.02503 0.020025 0.017526 0.0 0.049438 0.028268 0.015023 1.0 0.671373 1.0 0.852756 0.039563 0.828622 0.03575 0.0465 0.015018 1.0 0.019405 0.0 0.041438 0.046125 1.0 0.0 0.015657 0.049438 0.028268 0.0410117142857 1.0 0.671373 0.907535857143 0.02503 0.015018 0.0182405714286 
