# t client_1 client_2 node_7_network node_5_network node_2_network node_0_cpu node_1_cpu node_4_cpu node_6_network node_3_io node_6_io node_2_io node_4_io node_5_cpu node_5_io node_6_cpu node_7_cpu node_4_network node_7_io node_3_network node_0_io node_2_cpu node_3_cpu node_1_io node_0_network node_1_network  cpu_max cpu_min cpu_avg io_max io_min io_avg net_max net_min net_avg
0.1 46980.0 45460.0 0.000672 0.000662 0.000672 0.0 0.999998 1.0 0.000672 0.0 0.0 0.0 0.0 0.984873 0.0 1.0 1.0 0.000672 0.0 0.000672 0.0 1.0 1.0 0.0 0.0 0.000677 1.0 0.984873 0.997838714286 0.0 0.0 0.0 0.000677 0.000662 0.000671285714286 
2.1 46260.0 46560.0 0.000666 0.000663 0.000656 0.0 1.0 1.0 0.000666 0.0 0.0 0.0 0.0 1.0 0.0 1.0 1.0 0.000669 0.0 0.000652 0.0 0.986004 0.975999 0.0 0.0 0.000666 1.0 0.975999 0.994571857143 0.0 0.0 0.0 0.000669 0.000652 0.000662571428571 
4.1 46070.0 46450.0 0.00066 0.000666 0.000666 0.0 0.978003 0.970247 0.00067 0.0 0.0 0.0 0.0 1.0 0.0 1.0 0.995308 0.000648 0.0 0.000667 0.0 1.0 1.0 0.0 0.0 0.000648 1.0 0.970247 0.991936857143 0.0 0.0 0.0 0.00067 0.000648 0.000660714285714 
6.1 46510.0 45990.0 0.000667 0.000666 0.000665 0.0 1.0 0.967183 0.00065 0.0 0.0 0.0 0.0 1.0 0.0 0.977745 1.0 0.000639 0.0 0.000669 0.0 0.994745 0.999061 0.0 0.0 0.000666 1.0 0.967183 0.991247714286 0.0 0.0 0.0 0.000669 0.000639 0.000660285714286 
8.1 46290.0 46470.0 0.000666 0.000666 0.000646 0.0 0.989748 0.997811 0.000649 0.0 0.0 0.0 0.0 1.0 0.0 0.975431 1.0 0.000662 0.0 0.000667 0.0 0.976703 1.0 0.0 0.0 0.00066 1.0 0.975431 0.991384714286 0.0 0.0 0.0 0.000667 0.000646 0.000659428571429 
10.1 46240.0 45880.0 0.000666 0.000667 0.000663 0.0 0.973061 0.970381 0.000653 0.0 0.0 0.0 0.0 1.0 0.0 0.971622 1.0 0.000642 0.0 0.000663 0.0 1.0 0.99674 0.0 0.0 0.000657 1.0 0.970381 0.987400571429 0.0 0.0 0.0 0.000667 0.000642 0.000658714285714 
12.1 46130.0 46330.0 0.000666 0.000667 0.000667 0.0 1.0 1.0 0.000667 0.0 0.0 0.0 0.0 1.0 0.0 1.0 1.0 0.000667 0.0 0.000616 0.0 1.0 0.930939 0.0 0.0 0.000667 1.0 0.930939 0.990134142857 0.0 0.0 0.0 0.000667 0.000616 0.000659571428571 
14.1 46510.0 45870.0 0.000666 0.000654 0.000636 0.0 1.0 0.996126 0.000656 0.0 0.0 0.0 0.0 0.981677 0.0 0.990314 1.0 0.000667 0.0 0.000666 0.0 0.960826 1.0 0.0 0.0 0.000666 1.0 0.960826 0.989849 0.0 0.0 0.0 0.000667 0.000636 0.000658714285714 
16.1 46090.0 46920.0 0.000666 0.000666 0.000655 0.0 0.999143 0.993309 0.000667 0.0 0.0 0.0 0.0 1.0 0.0 1.0 1.0 0.000664 0.0 0.000664 0.0 0.982325 0.996373 0.0 0.0 0.000656 1.0 0.982325 0.995878571429 0.0 0.0 0.0 0.000667 0.000655 0.000662571428571 
18.1 45750.0 46460.0 0.000666 0.000648 0.000656 0.0 1.0 0.985941 0.000666 0.0 0.0 0.0 0.0 0.966504 0.0 1.0 1.0 0.000655 0.0 0.000652 0.0 0.98907 0.9785 0.0 0.0 0.000668 1.0 0.966504 0.988573571429 0.0 0.0 0.0 0.000668 0.000648 0.000658714285714 
20.1 45680.0 45910.0 0.000667 0.000652 0.000656 0.0 0.940138 0.975449 0.000667 0.0 0.0 0.0 0.0 0.978006 0.0 1.0 1.0 0.00065 0.0 0.000666 0.0 0.981311 1.0 0.0 0.0 0.000627 1.0 0.940138 0.982129142857 0.0 0.0 0.0 0.000667 0.000627 0.000655 
22.1 46000.0 46700.0 0.000664 0.000656 0.000666 0.0 1.0 1.0 0.000657 0.0 0.0 0.0 0.0 0.980188 0.0 0.984749 0.994127 0.000666 0.0 0.000666 0.0 1.0 1.0 0.0 0.0 0.000667 1.0 0.980188 0.994152 0.0 0.0 0.0 0.000667 0.000656 0.000663142857143 
24.1 46860.0 46510.0 0.000666 0.000667 0.000666 0.0 1.0 1.0 0.000667 0.0 0.0 0.0 0.0 1.0 0.0 1.0 1.0 0.000666 0.0 0.000667 0.0 1.0 1.0 0.0 0.0 0.000666 1.0 1.0 1.0 0.0 0.0 0.0 0.000667 0.000666 0.000666428571429 
26.1 45090.0 46570.0 0.000666 0.000648 0.000613 0.0 0.983607 1.0 0.000652 0.0 0.0 0.0 0.0 0.977941 0.0 0.9845 1.0 0.000666 0.0 0.000667 0.0 0.91863 1.0 0.0 0.0 0.000657 1.0 0.91863 0.980668285714 0.0 0.0 0.0 0.000667 0.000613 0.000652714285714 
28.1 45780.0 45460.0 0.000611 0.000664 0.000649 0.0 0.954623 0.998303 0.000666 0.0 0.0 0.0 0.0 1.0 0.0 1.0 0.919828 0.000668 0.0 0.000666 0.0 0.973684 1.0 0.0 0.0 0.000645 1.0 0.919828 0.978062571429 0.0 0.0 0.0 0.000668 0.000611 0.000652714285714 
30.1 46610.0 46320.0 0.000666 0.000666 0.000667 0.0 1.0 0.991058 0.00065 0.0 0.0 0.0 0.0 1.0 0.0 0.972493 1.0 0.000656 0.0 0.000666 0.0 1.0 1.0 0.0 0.0 0.000666 1.0 0.972493 0.994793 0.0 0.0 0.0 0.000667 0.00065 0.000662428571429 
32.1 46460.0 45850.0 0.000667 0.000666 0.000666 0.0 1.0 1.0 0.000649 0.0 0.0 0.0 0.0 1.0 0.0 0.981008 1.0 0.000666 0.0 0.000616 0.0 1.0 0.930317 0.0 0.0 0.000667 1.0 0.930317 0.987332142857 0.0 0.0 0.0 0.000667 0.000616 0.000656714285714 
34.1 46490.0 46550.0 0.000662 0.000664 0.000667 0.0 1.0 1.0 0.000659 0.0 0.0 0.0 0.0 0.996113 0.0 0.995815 1.0 0.000666 0.0 0.000651 0.0 1.0 0.976875 0.0 0.0 0.000666 1.0 0.976875 0.995543285714 0.0 0.0 0.0 0.000667 0.000651 0.000662142857143 
36.1 46290.0 46810.0 0.000666 0.000666 0.000667 0.0 0.996492 1.0 0.000661 0.0 0.0 0.0 0.0 1.0 0.0 0.991501 1.0 0.000667 0.0 0.000658 0.0 1.0 0.991678 0.0 0.0 0.000664 1.0 0.991501 0.997095857143 0.0 0.0 0.0 0.000667 0.000658 0.000664142857143 
38.1 45560.0 45770.0 0.000667 0.000666 0.00066 0.0 1.0 0.988625 0.000639 0.0 0.0 0.0 0.0 1.0 0.0 0.952728 1.0 0.00066 0.0 0.000631 0.0 0.983006 0.943049 0.0 0.0 0.000666 1.0 0.943049 0.981058285714 0.0 0.0 0.0 0.000667 0.000631 0.000655571428571 
40.1 46790.0 45530.0 0.000661 0.000634 0.000665 0.0 1.0 1.0 0.000643 0.0 0.0 0.0 0.0 0.956688 0.0 0.963603 0.998056 0.00067 0.0 0.000666 0.0 0.997621 1.0 0.0 0.0 0.000666 1.0 0.956688 0.987995428571 0.0 0.0 0.0 0.00067 0.000634 0.000657857142857 
42.1 45890.0 46530.0 0.000645 0.000666 0.000666 0.0 0.968431 1.0 0.000667 0.0 0.0 0.0 0.0 1.0 0.0 1.0 0.963744 0.000668 0.0 0.000667 0.0 1.0 1.0 0.0 0.0 0.000639 1.0 0.963744 0.990310714286 0.0 0.0 0.0 0.000668 0.000639 0.000659714285714 
44.1 46690.0 46360.0 0.000666 0.000667 0.000669 0.0 1.0 1.0 0.000666 0.0 0.0 0.0 0.0 1.0 0.0 1.0 0.991224 0.000666 0.0 0.000658 0.0 1.0 0.992505 0.0 0.0 0.000666 1.0 0.991224 0.997675571429 0.0 0.0 0.0 0.000669 0.000658 0.000665428571429 
46.1 46650.0 46250.0 0.000651 0.000666 0.000666 0.0 1.0 0.987681 0.000667 0.0 0.0 0.0 0.0 1.0 0.0 1.0 0.97475 0.000654 0.0 0.000667 0.0 1.0 1.0 0.0 0.0 0.000666 1.0 0.97475 0.994633 0.0 0.0 0.0 0.000667 0.000651 0.000662428571429 
48.1 46160.0 46420.0 0.000654 0.000658 0.000666 0.0 1.0 1.0 0.000653 0.0 0.0 0.0 0.0 0.986751 0.0 0.977686 0.980066 0.000667 0.0 0.000667 0.0 1.0 1.0 0.0 0.0 0.000665 1.0 0.977686 0.992071857143 0.0 0.0 0.0 0.000667 0.000653 0.000661428571429 
50.1 46430.0 46420.0 0.000658 0.000666 0.000667 0.0 1.0 0.995249 0.000662 0.0 0.0 0.0 0.0 1.0 0.0 0.987367 0.986066 0.00066 0.0 0.000666 0.0 1.0 0.999006 0.0 0.0 0.000666 1.0 0.986066 0.995384 0.0 0.0 0.0 0.000667 0.000658 0.000663571428571 
52.1 46240.0 45900.0 0.000666 0.000657 0.000667 0.0 0.955497 1.0 0.000645 0.0 0.0 0.0 0.0 0.991434 0.0 0.963754 1.0 0.000666 0.0 0.000666 0.0 1.0 1.0 0.0 0.0 0.000633 1.0 0.955497 0.987240714286 0.0 0.0 0.0 0.000667 0.000633 0.000657142857143 
54.1 46060.0 46910.0 0.000666 0.000666 0.000666 0.0 1.0 1.0 0.000653 0.0 0.0 0.0 0.0 1.0 0.0 0.976684 0.996565 0.000666 0.0 0.000656 0.0 1.0 0.991496 0.0 0.0 0.000667 1.0 0.976684 0.994963571429 0.0 0.0 0.0 0.000667 0.000653 0.000662857142857 
56.1 46930.0 46260.0 0.000653 0.000666 0.000666 0.0 1.0 0.999875 0.000663 0.0 0.0 0.0 0.0 1.0 0.0 0.996934 0.985123 0.000668 0.0 0.000666 0.0 1.0 1.0 0.0 0.0 0.000666 1.0 0.985123 0.997418857143 0.0 0.0 0.0 0.000668 0.000653 0.000664 
58.1 46580.0 46660.0 0.00067 0.000667 0.000666 0.0 1.0 1.0 0.000666 0.0 0.0 0.0 0.0 1.0 0.0 1.0 1.0 0.000666 0.0 0.000668 0.0 1.0 0.999936 0.0 0.0 0.000667 1.0 0.999936 0.999990857143 0.0 0.0 0.0 0.00067 0.000666 0.000667142857143 
60.1 4100.0 37700.0 0.019659 0.014696 0.015928 0.0 0.46956 0.467518 0.015985 0.976841 0.975097 0.977465 0.982468 0.488559 0.972468 0.502122 0.422998 0.022831 0.983841 0.021554 0.0 0.458891 0.427955 0.979222 0.0 0.019055 0.502122 0.422998 0.462514714286 0.983841 0.972468 0.978200285714 0.022831 0.014696 0.0185297142857 
62.1 2160.0 55380.0 0.019767 0.021026 0.022901 0.0 0.61069 0.637752 0.026674 1.0 1.0 1.0 1.0 0.611876 1.0 0.659189 0.606187 0.019169 1.0 0.017947 0.0 0.601811 0.608874 0.702162 0.0 0.020404 0.659189 0.601811 0.619482714286 1.0 0.702162 0.957451714286 0.026674 0.017947 0.0211268571429 
64.1 2240.0 76340.0 0.021197 0.019942 0.018036 0.0 0.82588 0.810376 0.025568 1.0 1.0 1.0 1.0 0.852088 1.0 0.847254 0.850811 0.021212 1.0 0.026791 0.0 0.805519 0.916308 1.0 0.0 0.026174 0.916308 0.805519 0.844033714286 1.0 1.0 1.0 0.026791 0.018036 0.0227028571429 
66.1 2230.0 67960.0 0.02486 0.017993 0.019286 0.0 0.816133 0.727875 0.022357 1.0 1.0 1.0 1.0 0.699501 1.0 0.7502 0.729128 0.023609 0.995164 0.019894 0.0 0.799398 0.777252 1.0 0.0 0.019261 0.816133 0.699501 0.757069571429 1.0 0.995164 0.999309142857 0.02486 0.017993 0.0210371428571 
68.1 2240.0 64820.0 0.020442 0.019849 0.017363 0.0 0.732443 0.738882 0.016756 1.0 1.0 1.0 1.0 0.721317 1.0 0.767251 0.665507 0.027344 1.0 0.018618 0.0 0.687321 0.734067 1.0 0.0 0.015487 0.767251 0.665507 0.720969714286 1.0 1.0 1.0 0.027344 0.015487 0.0194084285714 
70.1 2140.0 61420.0 0.01859 0.01857 0.026052 0.0 0.639125 0.732709 0.019847 1.0 1.0 1.0 1.0 0.67399 0.82424 0.722928 0.700558 0.017349 0.905255 0.021071 0.0 0.647975 0.669501 1.0 0.0 0.019223 0.732709 0.639125 0.683826571429 1.0 0.82424 0.961356428571 0.026052 0.017349 0.0201002857143 
72.1 2230.0 70930.0 0.014896 0.019918 0.016761 0.0 0.772194 0.79575 0.018012 1.0 1.0 1.0 1.0 0.853779 1.0 0.741876 0.781125 0.023655 1.0 0.016773 0.0 0.766022 0.784838 1.0 0.0 0.017389 0.853779 0.741876 0.785083428571 1.0 1.0 1.0 0.023655 0.014896 0.0182005714286 
74.1 2150.0 68960.0 0.01987 0.018014 0.021787 0.0 0.726513 0.746176 0.02113 1.0 1.0 1.0 0.939726 0.775063 1.0 0.751129 0.744565 0.016124 0.851877 0.027394 0.0 0.810193 0.794691 0.899616 0.0 0.014234 0.810193 0.726513 0.764047142857 1.0 0.851877 0.955888428571 0.027394 0.014234 0.0197932857143 
76.1 2240.0 77480.0 0.011835 0.017444 0.018065 0.0 0.826947 0.815755 0.024956 1.0 1.0 1.0 1.0 0.854449 1.0 0.887323 0.877056 0.017417 1.0 0.016843 0.0 0.84115 0.890907 1.0 0.0 0.020551 0.890907 0.815755 0.856226714286 1.0 1.0 1.0 0.024956 0.011835 0.0181587142857 
78.1 2220.0 57980.0 0.024406 0.019168 0.021602 0.0 0.645112 0.663683 0.019168 1.0 1.0 1.0 1.0 0.631786 0.909749 0.684863 0.58142 0.014817 1.0 0.024183 0.0 0.667862 0.650942 1.0 0.0 0.026677 0.684863 0.58142 0.646524 1.0 0.909749 0.987107 0.026677 0.014817 0.0214315714286 
80.1 2160.0 78560.0 0.018656 0.019934 0.022452 0.0 0.87113 0.896815 0.018091 0.888203 1.0 1.0 0.921791 0.828259 1.0 0.87061 0.871114 0.018098 1.0 0.023696 0.0 0.866883 0.862504 1.0 0.0 0.027451 0.896815 0.828259 0.866759285714 1.0 0.888203 0.972856285714 0.027451 0.018091 0.0211968571429 
82.1 2160.0 77360.0 0.018061 0.020599 0.01368 0.0 0.828992 0.856984 0.016196 0.799056 1.0 1.0 1.0 0.872644 1.0 0.81793 0.800206 0.019321 1.0 0.013056 0.0 0.954818 0.831693 1.0 0.0 0.022379 0.954818 0.800206 0.851895285714 1.0 0.799056 0.971293714286 0.022379 0.013056 0.0176131428571 
84.1 2160.0 74760.0 0.020554 0.021176 0.019935 0.0 0.829184 0.803997 0.018675 1.0 1.0 1.0 0.795736 0.82226 1.0 0.825121 0.83438 0.021161 0.967623 0.018052 0.0 0.837435 0.831115 1.0 0.0 0.020553 0.837435 0.803997 0.826213142857 1.0 0.795736 0.966194142857 0.021176 0.018052 0.0200151428571 
86.1 2220.0 62800.0 0.01983 0.019842 0.026725 0.0 0.712674 0.719123 0.022347 1.0 1.0 1.0 1.0 0.720553 1.0 0.728936 0.683746 0.018602 1.0 0.020451 0.0 0.719705 0.614626 1.0 0.0 0.019838 0.728936 0.614626 0.699909 1.0 1.0 1.0 0.026725 0.018602 0.0210907142857 
88.1 2170.0 65170.0 0.021121 0.019858 0.024212 0.0 0.733055 0.711178 0.019134 1.0 1.0 1.0 1.0 0.714053 1.0 0.738741 0.744985 0.02423 0.849994 0.016113 0.0 0.694809 0.733925 1.0 0.0 0.02049 0.744985 0.694809 0.724392285714 1.0 0.849994 0.978570571429 0.02423 0.016113 0.0207368571429 
90.1 2160.0 80240.0 0.019967 0.014301 0.014346 0.0 0.922921 0.851746 0.018107 0.759834 1.0 1.0 1.0 0.82706 1.0 0.913939 0.88407 0.014942 0.983726 0.016837 0.0 0.915943 0.877755 1.0 0.0 0.018739 0.922921 0.82706 0.884776285714 1.0 0.759834 0.963365714286 0.019967 0.014301 0.0167484285714 
92.1 2230.0 60600.0 0.016691 0.023571 0.021086 0.0 0.662671 0.688546 0.024832 1.0 1.0 1.0 1.0 0.667968 1.0 0.689869 0.66187 0.021696 1.0 0.019211 0.0 0.668054 0.68817 1.0 0.0 0.020441 0.689869 0.66187 0.675306857143 1.0 1.0 1.0 0.024832 0.016691 0.0210754285714 
94.1 2200.0 53230.0 0.021645 0.024143 0.021672 0.0 0.582366 0.628694 0.022905 1.0 0.983067 1.0 1.0 0.603813 1.0 0.60988 0.592425 0.02539 1.0 0.02164 0.0 0.587867 0.585051 1.0 0.0 0.021015 0.628694 0.582366 0.598585142857 1.0 0.983067 0.997581 0.02539 0.021015 0.02263 
96.1 2140.0 72260.0 0.018674 0.01867 0.018018 0.0 0.787939 0.784617 0.018666 1.0 1.0 1.0 1.0 0.822805 1.0 0.763958 0.863546 0.022397 1.0 0.020519 0.0 0.779617 0.77856 0.714416 0.0 0.013025 0.863546 0.763958 0.797291714286 1.0 0.714416 0.959202285714 0.022397 0.013025 0.018567 
98.1 2240.0 52020.0 0.017286 0.0229 0.02101 0.0 0.587882 0.557464 0.027258 1.0 1.0 1.0 1.0 0.580258 1.0 0.583651 0.625267 0.020995 1.0 0.017879 0.0 0.582158 0.570077 1.0 0.0 0.020392 0.625267 0.557464 0.583822428571 1.0 1.0 1.0 0.027258 0.017286 0.0211028571429 
100.1 2100.0 86310.0 0.018756 0.015018 0.021871 0.0 0.950659 0.946064 0.019358 1.0 1.0 1.0 0.871798 0.963064 1.0 0.924358 0.9422 0.016254 1.0 0.019995 0.0 0.994772 0.918912 0.755785 0.0 0.019389 0.994772 0.918912 0.948575571429 1.0 0.755785 0.946797571429 0.021871 0.015018 0.018663 
102.1 2220.0 80430.0 0.020594 0.022458 0.023074 0.0 0.917897 0.863927 0.023717 0.964483 1.0 1.0 0.970693 0.94457 1.0 0.871754 0.887667 0.024951 1.0 0.01621 0.0 0.862632 0.877677 1.0 0.0 0.018116 0.94457 0.862632 0.889446285714 1.0 0.964483 0.990739428571 0.024951 0.01621 0.0213028571429 
104.1 2130.0 75000.0 0.023029 0.019309 0.013669 0.0 0.82572 0.844867 0.020577 1.0 0.817974 1.0 0.796856 0.818927 1.0 0.866941 0.79617 0.021811 1.0 0.019888 0.0 0.863346 0.773179 1.0 0.0 0.022459 0.866941 0.773179 0.827021428571 1.0 0.796856 0.944975714286 0.023029 0.013669 0.020106 
106.1 2240.0 67490.0 0.016775 0.021139 0.022987 0.0 0.736031 0.709168 0.020505 1.0 1.0 1.0 1.0 0.761842 1.0 0.760338 0.789237 0.020471 0.995478 0.018622 0.0 0.73225 0.747426 1.0 0.0 0.018614 0.789237 0.709168 0.748041714286 1.0 0.995478 0.999354 0.022987 0.016775 0.0198732857143 
108.1 2240.0 67810.0 0.020497 0.021739 0.014248 0.0 0.794405 0.759548 0.021115 1.0 1.0 1.0 1.0 0.723318 1.0 0.738039 0.750009 0.018003 1.0 0.021138 0.0 0.725796 0.779266 1.0 0.0 0.022402 0.794405 0.723318 0.752911571429 1.0 1.0 1.0 0.022402 0.014248 0.0198774285714 
110.1 2170.0 69100.0 0.015503 0.017388 0.014258 0.0 0.753859 0.797612 0.019872 0.943029 1.0 1.0 1.0 0.837233 1.0 0.745359 0.753682 0.015535 1.0 0.019239 0.0 0.732679 0.733357 0.809395 0.0 0.017385 0.837233 0.732679 0.764825857143 1.0 0.809395 0.964632 0.019872 0.014258 0.0170257142857 
112.1 2160.0 60920.0 0.020433 0.015424 0.018584 0.0 0.662104 0.682856 0.023592 1.0 1.0 1.0 0.751738 0.637542 1.0 0.70653 0.656927 0.019207 1.0 0.021091 0.0 0.688312 0.702919 0.988227 0.0 0.019196 0.70653 0.637542 0.676741428571 1.0 0.751738 0.962852142857 0.023592 0.015424 0.0196467142857 
114.1 2240.0 69320.0 0.020378 0.020519 0.024267 0.0 0.766109 0.781654 0.023016 1.0 1.0 1.0 1.0 0.81186 1.0 0.775472 0.772886 0.02426 1.0 0.019892 0.0 0.733099 0.742032 1.0 0.0 0.017385 0.81186 0.733099 0.769016 1.0 1.0 1.0 0.024267 0.017385 0.0213881428571 
116.1 2250.0 65880.0 0.020501 0.016089 0.01612 0.0 0.730983 0.736658 0.023609 1.0 1.0 1.0 1.0 0.706798 1.0 0.730546 0.694 0.020485 1.0 0.019255 0.0 0.752261 0.76274 1.0 0.0 0.02111 0.76274 0.694 0.730569428571 1.0 1.0 1.0 0.023609 0.016089 0.0195955714286 
118.1 2120.0 76860.0 0.020051 0.017408 0.015559 0.0 0.858055 0.832677 0.018727 1.0 1.0 0.853999 1.0 0.785958 1.0 0.883504 0.830632 0.018682 1.0 0.019309 0.0 0.838441 0.905375 0.788249 0.0 0.02182 0.905375 0.785958 0.847806 1.0 0.788249 0.948892571429 0.02182 0.015559 0.0187937142857 
